timestamp,open,high,low,close,volume
2023-06-19 23:00:00+00:00,141.92100524902344,142.2519989013672,141.5780029296875,141.69200134277344,0
2023-06-20 03:00:00+00:00,141.69200134277344,142.14100646972656,141.64999389648438,141.9530029296875,0
2023-06-20 07:00:00+00:00,141.95399475097656,141.95899963378906,141.3520050048828,141.4219970703125,0
2023-06-20 11:00:00+00:00,141.41600036621094,141.74899291992188,141.27000427246094,141.3300018310547,0
2023-06-20 15:00:00+00:00,141.32899475097656,141.50900268554688,141.19000244140625,141.35899353027344,0
2023-06-20 19:00:00+00:00,141.36000061035156,141.50999450683594,141.30999755859375,141.3470001220703,0
2023-06-20 23:00:00+00:00,141.3419952392578,141.73800659179688,141.25999450683594,141.61599731445312,0
2023-06-21 03:00:00+00:00,141.61599731445312,142.04200744628906,141.55999755859375,141.9720001220703,0
2023-06-21 07:00:00+00:00,141.9709930419922,142.16799926757812,141.72000122070312,141.81100463867188,0
2023-06-21 11:00:00+00:00,141.80599975585938,142.3679962158203,141.6999969482422,142.05799865722656,0
2023-06-21 15:00:00+00:00,142.05799865722656,142.1269989013672,141.67999267578125,141.78900146484375,0
2023-06-21 19:00:00+00:00,141.78500366210938,141.91700744628906,141.67799377441406,141.68699645996094,0
2023-06-21 23:00:00+00:00,141.7030029296875,141.89199829101562,141.60699462890625,141.6790008544922,0
2023-06-22 03:00:00+00:00,141.6790008544922,141.91000366210938,141.61199951171875,141.88600158691406,0
2023-06-22 07:00:00+00:00,141.88699340820312,142.10499572753906,141.6959991455078,142.05799865722656,0
2023-06-22 11:00:00+00:00,142.05999755859375,142.7989959716797,141.76199340820312,142.78799438476562,0
2023-06-22 15:00:00+00:00,142.78399658203125,143.08299255371094,142.75399780273438,143.06100463867188,0
2023-06-22 19:00:00+00:00,143.06199645996094,143.2270050048828,142.98300170898438,143.0679931640625,0
2023-06-22 23:00:00+00:00,143.06399536132812,143.1820068359375,142.80499267578125,143.11300659179688,0
2023-06-23 03:00:00+00:00,143.11000061035156,143.4499969482422,142.97900390625,143.4010009765625,0
2023-06-23 07:00:00+00:00,143.4010009765625,143.43699645996094,142.76800537109375,143.26499938964844,0
2023-06-23 11:00:00+00:00,143.26400756835938,143.75,142.6739959716797,143.74400329589844,0
2023-06-23 15:00:00+00:00,143.73800659179688,143.87100219726562,143.66799926757812,143.80099487304688,0
2023-06-23 19:00:00+00:00,143.79400634765625,143.80799865722656,143.64700317382812,143.64700317382812,0
2023-06-25 23:00:00+00:00,143.4600067138672,143.66000366210938,143.2310028076172,143.49200439453125,0
2023-06-26 03:00:00+00:00,143.49899291992188,143.5399932861328,143.28399658203125,143.53199768066406,0
2023-06-26 07:00:00+00:00,143.53500366210938,143.56700134277344,142.9340057373047,143.09300231933594,0
2023-06-26 11:00:00+00:00,143.0919952392578,143.71299743652344,143.04800415039062,143.56500244140625,0
2023-06-26 15:00:00+00:00,143.56500244140625,143.60400390625,143.36599731445312,143.43299865722656,0
2023-06-26 19:00:00+00:00,143.44000244140625,143.54600524902344,143.39599609375,143.39999389648438,0
2023-06-26 23:00:00+00:00,143.39599609375,143.572998046875,143.2790069580078,143.38999938964844,0
2023-06-27 03:00:00+00:00,143.39500427246094,143.66000366210938,143.322998046875,143.44000244140625,0
2023-06-27 07:00:00+00:00,143.44400024414062,143.94500732421875,143.3939971923828,143.73899841308594,0
2023-06-27 11:00:00+00:00,143.73399353027344,144.07699584960938,143.2949981689453,144.04100036621094,0
2023-06-27 15:00:00+00:00,144.04100036621094,144.1750030517578,143.8679962158203,144.03700256347656,0
2023-06-27 19:00:00+00:00,144.03700256347656,144.08599853515625,143.93299865722656,143.95799255371094,0
2023-06-27 23:00:00+00:00,143.95899963378906,144.04800415039062,143.7270050048828,143.92300415039062,0
2023-06-28 03:00:00+00:00,143.92300415039062,144.03399658203125,143.8459930419922,143.99000549316406,0
2023-06-28 07:00:00+00:00,143.99000549316406,144.25599670410156,143.82000732421875,144.08200073242188,0
2023-06-28 11:00:00+00:00,144.08099365234375,144.61599731445312,144.0449981689453,144.52999877929688,0
2023-06-28 15:00:00+00:00,144.5260009765625,144.53799438476562,144.11900329589844,144.30999755859375,0
2023-06-28 19:00:00+00:00,144.31100463867188,144.53599548339844,144.29800415039062,144.39100646972656,0
2023-06-28 23:00:00+00:00,144.4010009765625,144.47300720214844,144.1269989013672,144.3699951171875,0
2023-06-29 03:00:00+00:00,144.36900329589844,144.697998046875,144.35800170898438,144.60800170898438,0
2023-06-29 07:00:00+00:00,144.61099243164062,144.69400024414062,144.14500427246094,144.1790008544922,0
2023-06-29 11:00:00+00:00,144.18099975585938,144.8979949951172,144.1479949951172,144.6020050048828,0
2023-06-29 15:00:00+00:00,144.60499572753906,144.89300537109375,144.53799438476562,144.88800048828125,0
2023-06-29 19:00:00+00:00,144.88499450683594,144.8939971923828,144.70399475097656,144.75900268554688,0
2023-06-29 23:00:00+00:00,144.75799560546875,145.06700134277344,144.6750030517578,144.74899291992188,0
2023-06-30 03:00:00+00:00,144.75100708007812,144.8070068359375,144.43600463867188,144.58200073242188,0
2023-06-30 07:00:00+00:00,144.58200073242188,144.90499877929688,144.5500030517578,144.6269989013672,0
2023-06-30 11:00:00+00:00,144.6300048828125,144.74200439453125,144.1999969482422,144.5399932861328,0
2023-06-30 15:00:00+00:00,144.5399932861328,144.62600708007812,144.23199462890625,144.29800415039062,0
2023-06-30 19:00:00+00:00,144.29600524902344,144.3509979248047,144.24200439453125,144.26100158691406,0
2023-07-02 23:00:00+00:00,144.33999633789062,144.6909942626953,144.22000122070312,144.6649932861328,0
2023-07-03 03:00:00+00:00,144.66200256347656,144.77099609375,144.36099243164062,144.73599243164062,0
2023-07-03 07:00:00+00:00,144.73599243164062,144.88400268554688,144.54200744628906,144.73199462890625,0
2023-07-03 11:00:00+00:00,144.73500061035156,144.91299438476562,143.98199462890625,144.45599365234375,0
2023-07-03 15:00:00+00:00,144.45599365234375,144.72500610351562,144.4459991455078,144.71600341796875,0
2023-07-03 19:00:00+00:00,144.71800231933594,144.7530059814453,144.60800170898438,144.66200256347656,0
2023-07-03 23:00:00+00:00,144.6649932861328,144.6739959716797,144.4219970703125,144.58999633789062,0
2023-07-04 03:00:00+00:00,144.58799743652344,144.677001953125,144.33099365234375,144.38900756835938,0
2023-07-04 07:00:00+00:00,144.39500427246094,144.5489959716797,144.29800415039062,144.44200134277344,0
2023-07-04 11:00:00+00:00,144.44000244140625,144.46600341796875,144.19000244140625,144.37100219726562,0
2023-07-04 15:00:00+00:00,144.3699951171875,144.57000732421875,144.35000610351562,144.46600341796875,0
2023-07-04 19:00:00+00:00,144.46499633789062,144.50999450683594,144.38999938964844,144.46800231933594,0
2023-07-04 23:00:00+00:00,144.46600341796875,144.64199829101562,144.3699951171875,144.531005859375,0
2023-07-05 03:00:00+00:00,144.50999450683594,144.7259979248047,144.4600067138672,144.65899658203125,0
2023-07-05 07:00:00+00:00,144.65899658203125,144.73399353027344,144.20399475097656,144.23500061035156,0
2023-07-05 11:00:00+00:00,144.23599243164062,144.5970001220703,144.07000732421875,144.45700073242188,0
2023-07-05 15:00:00+00:00,144.45799255371094,144.69000244140625,144.42999267578125,144.66299438476562,0
2023-07-05 19:00:00+00:00,144.66400146484375,144.697998046875,144.5,144.54600524902344,0
2023-07-05 23:00:00+00:00,144.55799865722656,144.57400512695312,144.19000244140625,144.24200439453125,0
2023-07-06 03:00:00+00:00,144.23800659179688,144.27499389648438,143.61399841308594,143.83700561523438,0
2023-07-06 07:00:00+00:00,143.83700561523438,144.13299560546875,143.552001953125,143.83200073242188,0
2023-07-06 11:00:00+00:00,143.8300018310547,144.6529998779297,143.6300048828125,144.2790069580078,0
2023-07-06 15:00:00+00:00,144.281005859375,144.34300231933594,143.9530029296875,144.14700317382812,0
2023-07-06 19:00:00+00:00,144.14599609375,144.16299438476562,143.9969940185547,144.06300354003906,0
2023-07-06 23:00:00+00:00,144.0659942626953,144.20199584960938,143.79400634765625,143.9980010986328,0
2023-07-07 03:00:00+00:00,143.99899291992188,144.0019989013672,143.35000610351562,143.4010009765625,0
2023-07-07 07:00:00+00:00,143.4010009765625,143.5229949951172,142.8699951171875,143.2220001220703,0
2023-07-07 11:00:00+00:00,143.2209930419922,143.41799926757812,142.08999633789062,142.22000122070312,0
2023-07-07 15:00:00+00:00,142.21800231933594,142.33799743652344,142.05999755859375,142.1300048828125,0
2023-07-07 19:00:00+00:00,142.1280059814453,142.1699981689453,142.05599975585938,142.11000061035156,0
2023-07-09 23:00:00+00:00,142.18699645996094,142.9029998779297,142.1179962158203,142.81199645996094,0
2023-07-10 03:00:00+00:00,142.81300354003906,143.0050048828125,142.3800048828125,142.44000244140625,0
2023-07-10 07:00:00+00:00,142.43899536132812,142.60000610351562,142.22999572753906,142.44400024414062,0
2023-07-10 11:00:00+00:00,142.44500732421875,142.51400756835938,141.5500030517578,141.6959991455078,0
2023-07-10 15:00:00+00:00,141.69400024414062,141.697998046875,141.2899932861328,141.3090057373047,0
2023-07-10 19:00:00+00:00,141.3090057373047,141.36099243164062,141.1999969482422,141.3090057373047,0
2023-07-10 23:00:00+00:00,141.31399536132812,141.45899963378906,140.60699462890625,140.6179962158203,0
2023-07-11 03:00:00+00:00,140.61599731445312,140.94500732421875,140.56500244140625,140.59100341796875,0
2023-07-11 07:00:00+00:00,140.59300231933594,140.82699584960938,140.13999938964844,140.375,0
2023-07-11 11:00:00+00:00,140.37399291992188,140.95399475097656,140.22000122070312,140.60800170898438,0
2023-07-11 15:00:00+00:00,140.6009979248047,140.69400024414062,140.27999877929688,140.44700622558594,0
2023-07-11 19:00:00+00:00,140.4510040283203,140.4810028076172,140.1999969482422,140.2209930419922,0
2023-07-11 23:00:00+00:00,140.21600341796875,140.28599548339844,139.36199951171875,139.593994140625,0
2023-07-12 03:00:00+00:00,139.593994140625,139.6719970703125,139.3000030517578,139.44400024414062,0
2023-07-12 07:00:00+00:00,139.4429931640625,139.7550048828125,139.36000061035156,139.54400634765625,0
2023-07-12 11:00:00+00:00,139.54600524902344,139.64100646972656,138.36000061035156,138.4320068359375,0
2023-07-12 15:00:00+00:00,138.4340057373047,138.5449981689453,138.14999389648438,138.32000732421875,0
2023-07-12 19:00:00+00:00,138.31900024414062,138.5540008544922,138.27999877929688,138.3820037841797,0
2023-07-12 23:00:00+00:00,138.37100219726562,138.6719970703125,138.0659942626953,138.51199340820312,0
2023-07-13 03:00:00+00:00,138.50900268554688,138.83299255371094,138.27999877929688,138.3939971923828,0
2023-07-13 07:00:00+00:00,138.39199829101562,138.6230010986328,138.22000122070312,138.51800537109375,0
2023-07-13 11:00:00+00:00,138.5189971923828,138.95599365234375,138.04800415039062,138.18899536132812,0
2023-07-13 15:00:00+00:00,138.18699645996094,138.27000427246094,137.91900634765625,138.01300048828125,0
2023-07-13 19:00:00+00:00,138.01100158691406,138.09300231933594,137.94700622558594,138.02000427246094,0
2023-07-13 23:00:00+00:00,138.03599548339844,138.11500549316406,137.23699951171875,137.625,0
2023-07-14 03:00:00+00:00,137.62399291992188,138.40499877929688,137.36700439453125,138.3470001220703,0
2023-07-14 07:00:00+00:00,138.343994140625,138.84300231933594,138.13999938964844,138.6060028076172,0
2023-07-14 11:00:00+00:00,138.60000610351562,139.15699768066406,138.33999633789062,138.50399780273438,0
2023-07-14 15:00:00+00:00,138.5030059814453,138.8209991455078,138.4010009765625,138.81900024414062,0
2023-07-14 19:00:00+00:00,138.81900024414062,138.9029998779297,138.72300720214844,138.7449951171875,0
2023-07-16 23:00:00+00:00,138.75799560546875,138.80099487304688,138.36399841308594,138.5240020751953,0
2023-07-17 03:00:00+00:00,138.5240020751953,138.6929931640625,138.39999389648438,138.45799255371094,0
2023-07-17 07:00:00+00:00,138.45899963378906,138.75599670410156,137.99000549316406,138.1479949951172,0
2023-07-17 11:00:00+00:00,138.1529998779297,139.40699768066406,138.11000061035156,139.11099243164062,0
2023-07-17 15:00:00+00:00,139.11099243164062,139.19000244140625,138.63299560546875,138.6479949951172,0
2023-07-17 19:00:00+00:00,138.64599609375,138.7830047607422,138.58999633789062,138.71400451660156,0
2023-07-17 23:00:00+00:00,138.71600341796875,138.92300415039062,138.52999877929688,138.56700134277344,0
2023-07-18 03:00:00+00:00,138.56500244140625,138.63499450683594,138.2899932861328,138.3260040283203,0
2023-07-18 07:00:00+00:00,138.3260040283203,138.40699768066406,138.0800018310547,138.26499938964844,0
2023-07-18 11:00:00+00:00,138.26800537109375,138.9929962158203,137.6790008544922,138.6300048828125,0
2023-07-18 15:00:00+00:00,138.61599731445312,139.13400268554688,138.57000732421875,138.8350067138672,0
2023-07-18 19:00:00+00:00,138.83900451660156,139.02099609375,138.75,138.92799377441406,0
2023-07-18 23:00:00+00:00,138.90499877929688,139.32899475097656,138.8470001220703,139.25100708007812,0
2023-07-19 03:00:00+00:00,139.24400329589844,139.68099975585938,139.13999938964844,139.44900512695312,0
2023-07-19 07:00:00+00:00,139.44700622558594,139.93699645996094,139.1959991455078,139.91400146484375,0
2023-07-19 11:00:00+00:00,139.9149932861328,139.9929962158203,139.38099670410156,139.61399841308594,0
2023-07-19 15:00:00+00:00,139.61399841308594,139.8040008544922,139.51100158691406,139.6199951171875,0
2023-07-19 19:00:00+00:00,139.61900329589844,139.76100158691406,139.51800537109375,139.61099243164062,0
2023-07-19 23:00:00+00:00,139.61000061035156,139.7010040283203,139.10800170898438,139.21099853515625,0
2023-07-20 03:00:00+00:00,139.21299743652344,139.63299560546875,139.11599731445312,139.52200317382812,0
2023-07-20 07:00:00+00:00,139.52200317382812,139.68600463867188,139.3300018310547,139.46499633789062,0
2023-07-20 11:00:00+00:00,139.46200561523438,140.35299682617188,139.39999389648438,140.31399536132812,0
2023-07-20 15:00:00+00:00,140.30799865722656,140.4980010986328,140.11000061035156,140.20700073242188,0
2023-07-20 19:00:00+00:00,140.20199584960938,140.21400451660156,139.91799926757812,139.93499755859375,0
2023-07-20 23:00:00+00:00,139.92999267578125,140.302001953125,139.74400329589844,140.22300720214844,0
2023-07-21 03:00:00+00:00,140.2220001220703,140.3249969482422,140.01699829101562,140.26100158691406,0
2023-07-21 07:00:00+00:00,140.26400756835938,141.95599365234375,140.1999969482422,141.78599548339844,0
2023-07-21 11:00:00+00:00,141.78799438476562,141.87100219726562,141.1999969482422,141.74899291992188,0
2023-07-21 15:00:00+00:00,141.74600219726562,141.81500244140625,141.50999450683594,141.81399536132812,0
2023-07-21 19:00:00+00:00,141.81300354003906,141.84800720214844,141.7030029296875,141.77000427246094,0
2023-07-23 23:00:00+00:00,141.75,141.81100463867188,141.33799743652344,141.4340057373047,0
2023-07-24 03:00:00+00:00,141.4290008544922,141.63299560546875,141.35400390625,141.48199462890625,0
2023-07-24 07:00:00+00:00,141.48300170898438,141.58599853515625,141.0489959716797,141.13400268554688,0
2023-07-24 11:00:00+00:00,141.13400268554688,141.4199981689453,140.74000549316406,141.16000366210938,0
2023-07-24 15:00:00+00:00,141.15199279785156,141.52200317382812,141.11000061035156,141.44500732421875,0
2023-07-24 19:00:00+00:00,141.4459991455078,141.5469970703125,141.36300659179688,141.5050048828125,0
2023-07-24 23:00:00+00:00,141.51699829101562,141.61700439453125,141.21800231933594,141.2310028076172,0
2023-07-25 03:00:00+00:00,141.2310028076172,141.5279998779297,141.1999969482422,141.48800659179688,0
2023-07-25 07:00:00+00:00,141.49000549316406,141.57699584960938,141.20799255371094,141.4429931640625,0
2023-07-25 11:00:00+00:00,141.4239959716797,141.73699951171875,141.01600646972656,141.14100646972656,0
2023-07-25 15:00:00+00:00,141.13900756835938,141.1959991455078,140.8509979248047,141.0330047607422,0
2023-07-25 19:00:00+00:00,141.03700256347656,141.0760040283203,140.83200073242188,140.92100524902344,0
2023-07-25 23:00:00+00:00,140.92100524902344,141.18600463867188,140.85000610351562,141.0279998779297,0
2023-07-26 03:00:00+00:00,141.03399658203125,141.0959930419922,140.6020050048828,140.69000244140625,0
2023-07-26 07:00:00+00:00,140.7010040283203,140.78700256347656,140.23599243164062,140.38299560546875,0
2023-07-26 11:00:00+00:00,140.38499450683594,140.55999755859375,140.1540069580078,140.36900329589844,0
2023-07-26 15:00:00+00:00,140.36700439453125,140.69700622558594,139.9759979248047,139.98399353027344,0
2023-07-26 19:00:00+00:00,139.98300170898438,140.4759979248047,139.9199981689453,140.47300720214844,0
2023-07-26 23:00:00+00:00,140.46800231933594,140.48300170898438,139.3769989013672,139.7010040283203,0
2023-07-27 03:00:00+00:00,139.7030029296875,140.26100158691406,139.593994140625,140.03599548339844,0
2023-07-27 07:00:00+00:00,140.03599548339844,140.24400329589844,139.80799865722656,140.22999572753906,0
2023-07-27 11:00:00+00:00,140.2270050048828,141.32000732421875,140.11399841308594,141.25599670410156,0
2023-07-27 15:00:00+00:00,141.2530059814453,141.26199340820312,139.1999969482422,139.3470001220703,0
2023-07-27 19:00:00+00:00,139.3489990234375,139.5570068359375,138.75999450683594,139.17599487304688,0
2023-07-27 23:00:00+00:00,139.17799377441406,139.59300231933594,138.697998046875,139.22999572753906,0
2023-07-28 03:00:00+00:00,139.22799682617188,141.07899475097656,138.05799865722656,139.27000427246094,0
2023-07-28 07:00:00+00:00,139.27000427246094,140.0659942626953,138.88400268554688,139.25,0
2023-07-28 11:00:00+00:00,139.2449951171875,140.61900329589844,138.8560028076172,140.32200622558594,0
2023-07-28 15:00:00+00:00,140.3179931640625,141.02499389648438,140.26800537109375,140.9949951171875,0
2023-07-28 19:00:00+00:00,140.99600219726562,141.18299865722656,140.99200439453125,141.13999938964844,0
2023-07-30 23:00:00+00:00,140.8249969482422,141.75,140.68800354003906,141.72500610351562,0
2023-07-31 03:00:00+00:00,141.73199462890625,142.16700744628906,141.57400512695312,142.04800415039062,0
2023-07-31 07:00:00+00:00,142.0469970703125,142.49600219726562,141.91000366210938,142.25900268554688,0
2023-07-31 11:00:00+00:00,142.23599243164062,142.68899536132812,142.0,142.0500030517578,0
2023-07-31 15:00:00+00:00,142.0570068359375,142.3070068359375,142.0,142.27000427246094,0
2023-07-31 19:00:00+00:00,142.2729949951172,142.30599975585938,142.2030029296875,142.25999450683594,0
2023-07-31 23:00:00+00:00,142.2530059814453,142.79600524902344,142.22000122070312,142.572998046875,0
2023-08-01 03:00:00+00:00,142.57899475097656,142.84500122070312,142.50999450683594,142.65499877929688,0
2023-08-01 07:00:00+00:00,142.656005859375,142.81500244140625,142.5540008544922,142.74200439453125,0
2023-08-01 11:00:00+00:00,142.73699951171875,143.4709930419922,142.72000122070312,143.26600646972656,0
2023-08-01 15:00:00+00:00,143.26600646972656,143.54600524902344,143.24000549316406,143.4040069580078,0
2023-08-01 19:00:00+00:00,143.406005859375,143.41799926757812,142.69700622558594,142.91000366210938,0
2023-08-01 23:00:00+00:00,142.91700744628906,143.31199645996094,142.82000732421875,143.26699829101562,0
2023-08-02 03:00:00+00:00,143.2689971923828,143.3489990234375,142.52999877929688,142.61599731445312,0
2023-08-02 07:00:00+00:00,142.61500549316406,142.81199645996094,142.22799682617188,142.73699951171875,0
2023-08-02 11:00:00+00:00,142.73500061035156,143.4759979248047,142.66000366210938,143.36000061035156,0
2023-08-02 15:00:00+00:00,143.36300659179688,143.4149932861328,143.0399932861328,143.26300048828125,0
2023-08-02 19:00:00+00:00,143.26400756835938,143.4199981689453,143.1699981689453,143.25599670410156,0
2023-08-02 23:00:00+00:00,143.25799560546875,143.4720001220703,143.14999389648438,143.30099487304688,0
2023-08-03 03:00:00+00:00,143.30299377441406,143.89199829101562,143.22999572753906,143.66799926757812,0
2023-08-03 07:00:00+00:00,143.66000366210938,143.72900390625,142.7480010986328,142.9149932861328,0
2023-08-03 11:00:00+00:00,142.9149932861328,143.0050048828125,142.27999877929688,142.29400634765625,0
2023-08-03 15:00:00+00:00,142.29299926757812,142.7220001220703,142.0590057373047,142.70599365234375,0
2023-08-03 19:00:00+00:00,142.70399475097656,142.74899291992188,142.44500732421875,142.49000549316406,0
2023-08-03 23:00:00+00:00,142.48899841308594,142.88400268554688,142.31199645996094,142.4770050048828,0
2023-08-04 03:00:00+00:00,142.4770050048828,142.69400024414062,142.3470001220703,142.6479949951172,0
2023-08-04 07:00:00+00:00,142.64700317382812,142.8419952392578,142.48199462890625,142.7790069580078,0
2023-08-04 11:00:00+00:00,142.77200317382812,142.9029998779297,141.54800415039062,141.79299926757812,0
2023-08-04 15:00:00+00:00,141.79100036621094,141.9340057373047,141.66600036621094,141.85000610351562,0
2023-08-04 19:00:00+00:00,141.84800720214844,141.875,141.6840057373047,141.71400451660156,0
2023-08-06 23:00:00+00:00,141.81900024414062,142.04200744628906,141.51100158691406,142.01400756835938,0
2023-08-07 03:00:00+00:00,142.01699829101562,142.302001953125,141.95700073242188,142.2239990234375,0
2023-08-07 07:00:00+00:00,142.22500610351562,142.4499969482422,142.08999633789062,142.3419952392578,0
2023-08-07 11:00:00+00:00,142.343994140625,142.38900756835938,141.7949981689453,142.34500122070312,0
2023-08-07 15:00:00+00:00,142.3459930419922,142.58299255371094,142.22999572753906,142.41799926757812,0
2023-08-07 19:00:00+00:00,142.41799926757812,142.52499389648438,142.38999938964844,142.42300415039062,0
2023-08-07 23:00:00+00:00,142.4219970703125,143.37899780273438,142.3800048828125,143.32899475097656,0
2023-08-08 03:00:00+00:00,143.32400512695312,143.43699645996094,142.8979949951172,142.97900390625,0
2023-08-08 07:00:00+00:00,142.97999572753906,143.2760009765625,142.8470001220703,143.2259979248047,0
2023-08-08 11:00:00+00:00,143.2259979248047,143.2449951171875,142.85800170898438,143.13099670410156,0
2023-08-08 15:00:00+00:00,143.13499450683594,143.49200439453125,143.10899353027344,143.37600708007812,0
2023-08-08 19:00:00+00:00,143.37899780273438,143.46200561523438,143.24899291992188,143.36599731445312,0
2023-08-08 23:00:00+00:00,143.36900329589844,143.3990020751953,143.0800018310547,143.23399353027344,0
2023-08-09 03:00:00+00:00,143.23500061035156,143.25999450683594,143.0,143.06500244140625,0
2023-08-09 07:00:00+00:00,143.07000732421875,143.41299438476562,143.05599975585938,143.3719940185547,0
2023-08-09 11:00:00+00:00,143.37100219726562,143.72799682617188,143.22999572753906,143.71099853515625,0
2023-08-09 15:00:00+00:00,143.71200561523438,143.74099731445312,143.39999389648438,143.68699645996094,0
2023-08-09 19:00:00+00:00,143.68600463867188,143.75,143.61000061035156,143.65899658203125,0
2023-08-09 23:00:00+00:00,143.66400146484375,143.89199829101562,143.61000061035156,143.8509979248047,0
2023-08-10 03:00:00+00:00,143.84500122070312,144.11000061035156,143.82000732421875,143.9510040283203,0
2023-08-10 07:00:00+00:00,143.9499969482422,143.9530029296875,143.7100067138672,143.82200622558594,0
2023-08-10 11:00:00+00:00,143.82000732421875,144.42799377441406,143.2740020751953,144.37899780273438,0
2023-08-10 15:00:00+00:00,144.3780059814453,144.7310028076172,144.36000061035156,144.71800231933594,0
2023-08-10 19:00:00+00:00,144.7169952392578,144.84800720214844,144.6540069580078,144.8179931640625,0
2023-08-10 23:00:00+00:00,144.822998046875,144.89500427246094,144.61000061035156,144.73300170898438,0
2023-08-11 03:00:00+00:00,144.73300170898438,144.7949981689453,144.63999938964844,144.7550048828125,0
2023-08-11 07:00:00+00:00,144.75599670410156,144.75599670410156,144.5399932861328,144.5709991455078,0
2023-08-11 11:00:00+00:00,144.57000732421875,144.88099670410156,144.4149932861328,144.72799682617188,0
2023-08-11 15:00:00+00:00,144.72900390625,145.0,144.7010040283203,144.95700073242188,0
2023-08-11 19:00:00+00:00,144.95399475097656,144.9969940185547,144.87600708007812,144.92999267578125,0
2023-08-13 23:00:00+00:00,144.91900634765625,145.22500610351562,144.6490020751953,144.97000122070312,0
2023-08-14 03:00:00+00:00,144.9669952392578,144.98599243164062,144.72999572753906,144.86199951171875,0
2023-08-14 07:00:00+00:00,144.86199951171875,145.072998046875,144.72999572753906,145.01199340820312,0
2023-08-14 11:00:00+00:00,145.00999450683594,145.5800018310547,144.97000122070312,145.4409942626953,0
2023-08-14 15:00:00+00:00,145.44200134277344,145.50900268554688,145.17799377441406,145.5019989013672,0
2023-08-14 19:00:00+00:00,145.5019989013672,145.56399536132812,145.3990020751953,145.51400756835938,0
2023-08-14 23:00:00+00:00,145.50900268554688,145.59300231933594,145.32000732421875,145.54600524902344,0
2023-08-15 03:00:00+00:00,145.53900146484375,145.73800659179688,145.322998046875,145.72300720214844,0
2023-08-15 07:00:00+00:00,145.72000122070312,145.86500549316406,145.5030059814453,145.53900146484375,0
2023-08-15 11:00:00+00:00,145.53799438476562,145.82200622558594,145.10000610351562,145.13600158691406,0
2023-08-15 15:00:00+00:00,145.13400268554688,145.6649932861328,145.1320037841797,145.66299438476562,0
2023-08-15 19:00:00+00:00,145.66299438476562,145.6699981689453,145.51199340820312,145.59500122070312,0
2023-08-15 23:00:00+00:00,145.59500122070312,145.69200134277344,145.44700622558594,145.55099487304688,0
2023-08-16 03:00:00+00:00,145.55499267578125,145.5570068359375,145.302001953125,145.34500122070312,0
2023-08-16 07:00:00+00:00,145.34800720214844,145.6699981689453,145.33599853515625,145.6060028076172,0
2023-08-16 11:00:00+00:00,145.60899353027344,145.93600463867188,145.60400390625,145.80599975585938,0
2023-08-16 15:00:00+00:00,145.80299377441406,146.25999450683594,145.71099853515625,146.22900390625,0
2023-08-16 19:00:00+00:00,146.23300170898438,146.40699768066406,146.16299438476562,146.28500366210938,0
2023-08-16 23:00:00+00:00,146.27499389648438,146.56100463867188,146.26800537109375,146.41799926757812,0
2023-08-17 03:00:00+00:00,146.4149932861328,146.43899536132812,146.2760009765625,146.35699462890625,0
2023-08-17 07:00:00+00:00,146.35699462890625,146.3679962158203,145.91799926757812,145.95799255371094,0
2023-08-17 11:00:00+00:00,145.95899963378906,146.16200256347656,145.61500549316406,146.01300048828125,0
2023-08-17 15:00:00+00:00,146.00900268554688,146.3000030517578,145.9219970703125,146.1510009765625,0
2023-08-17 19:00:00+00:00,146.1510009765625,146.16799926757812,145.6320037841797,145.70799255371094,0
2023-08-17 23:00:00+00:00,145.7100067138672,145.79600524902344,145.32400512695312,145.51100158691406,0
2023-08-18 03:00:00+00:00,145.51400756835938,145.5330047607422,145.1790008544922,145.37600708007812,0
2023-08-18 07:00:00+00:00,145.36900329589844,145.63400268554688,145.14999389648438,145.48300170898438,0
2023-08-18 11:00:00+00:00,145.48500061035156,145.76699829101562,145.13400268554688,145.17599487304688,0
2023-08-18 15:00:00+00:00,145.17999267578125,145.33200073242188,144.92300415039062,145.302001953125,0
2023-08-18 19:00:00+00:00,145.302001953125,145.40199279785156,145.2830047607422,145.3800048828125,0
2023-08-20 23:00:00+00:00,145.29600524902344,145.62600708007812,145.13999938964844,145.3520050048828,0
2023-08-21 03:00:00+00:00,145.3509979248047,145.5399932861328,145.30999755859375,145.44200134277344,0
2023-08-21 07:00:00+00:00,145.43600463867188,145.968994140625,145.33799743652344,145.927001953125,0
2023-08-21 11:00:00+00:00,145.93099975585938,146.3179931640625,145.7519989013672,146.28599548339844,0
2023-08-21 15:00:00+00:00,146.29299926757812,146.4040069580078,146.08200073242188,146.10400390625,0
2023-08-21 19:00:00+00:00,146.10499572753906,146.2830047607422,146.06399536132812,146.18099975585938,0
2023-08-21 23:00:00+00:00,146.1820068359375,146.4010009765625,145.9759979248047,146.0659942626953,0
2023-08-22 03:00:00+00:00,146.06500244140625,146.10699462890625,145.84100341796875,145.9080047607422,0
2023-08-22 07:00:00+00:00,145.9029998779297,145.93600463867188,145.49099731445312,145.69700622558594,0
2023-08-22 11:00:00+00:00,145.69400024414062,146.13400268554688,145.6820068359375,145.86700439453125,0
2023-08-22 15:00:00+00:00,145.86399841308594,145.8939971923828,145.7050018310547,145.85499572753906,0
2023-08-22 19:00:00+00:00,145.8560028076172,145.9320068359375,145.75900268554688,145.8090057373047,0
2023-08-22 23:00:00+00:00,145.80999755859375,145.8260040283203,145.5709991455078,145.6790008544922,0
2023-08-23 03:00:00+00:00,145.67799377441406,145.74000549316406,145.52999877929688,145.68800354003906,0
2023-08-23 07:00:00+00:00,145.69000244140625,145.75999450683594,145.26199340820312,145.44000244140625,0
2023-08-23 11:00:00+00:00,145.44500732421875,145.593994140625,144.6280059814453,144.7519989013672,0
2023-08-23 15:00:00+00:00,144.75999450683594,144.88699340820312,144.52999877929688,144.78799438476562,0
2023-08-23 19:00:00+00:00,144.78799438476562,144.91700744628906,144.71099853515625,144.79200744628906,0
2023-08-23 23:00:00+00:00,144.79200744628906,145.06700134277344,144.5800018310547,144.99400329589844,0
2023-08-24 03:00:00+00:00,144.99400329589844,145.2030029296875,144.91000366210938,145.04400634765625,0
2023-08-24 07:00:00+00:00,145.0469970703125,145.47799682617188,145.02000427246094,145.4409942626953,0
2023-08-24 11:00:00+00:00,145.43899536132812,145.95799255371094,145.38999938964844,145.59800720214844,0
2023-08-24 15:00:00+00:00,145.58999633789062,145.93699645996094,145.5399932861328,145.86199951171875,0
2023-08-24 19:00:00+00:00,145.86099243164062,145.95599365234375,145.7570037841797,145.9429931640625,0
2023-08-24 23:00:00+00:00,145.94400024414062,146.20700073242188,145.9080047607422,146.01100158691406,0
2023-08-25 03:00:00+00:00,146.00799560546875,146.25900268554688,145.9499969482422,146.08999633789062,0
2023-08-25 07:00:00+00:00,146.08700561523438,146.1529998779297,145.8800048828125,145.927001953125,0
2023-08-25 11:00:00+00:00,145.93099975585938,146.63499450683594,145.718994140625,146.55599975585938,0
2023-08-25 15:00:00+00:00,146.5540008544922,146.59500122070312,146.1999969482422,146.3300018310547,0
2023-08-25 19:00:00+00:00,146.33099365234375,146.46600341796875,146.3040008544922,146.3820037841797,0
2023-08-27 23:00:00+00:00,146.54299926757812,146.61700439453125,146.3939971923828,146.50900268554688,0
2023-08-28 03:00:00+00:00,146.50599670410156,146.52499389648438,146.26800537109375,146.33799743652344,0
2023-08-28 07:00:00+00:00,146.3419952392578,146.6009979248047,146.3070068359375,146.53799438476562,0
2023-08-28 11:00:00+00:00,146.53599548339844,146.6820068359375,146.40199279785156,146.66099548339844,0
2023-08-28 15:00:00+00:00,146.65699768066406,146.74600219726562,146.36000061035156,146.51600646972656,0
2023-08-28 19:00:00+00:00,146.52200317382812,146.55099487304688,146.41200256347656,146.4239959716797,0
2023-08-28 23:00:00+00:00,146.4250030517578,146.4969940185547,146.3040008544922,146.36900329589844,0
2023-08-29 03:00:00+00:00,146.36500549316406,146.56100463867188,146.33399963378906,146.41299438476562,0
2023-08-29 07:00:00+00:00,146.41000366210938,146.79100036621094,146.3520050048828,146.77699279785156,0
2023-08-29 11:00:00+00:00,146.78199768066406,147.37399291992188,146.1790008544922,146.3300018310547,0
2023-08-29 15:00:00+00:00,146.3300018310547,146.37600708007812,145.76800537109375,145.84500122070312,0
2023-08-29 19:00:00+00:00,145.843994140625,145.93099975585938,145.66400146484375,145.7989959716797,0
2023-08-29 23:00:00+00:00,145.79800415039062,146.23800659179688,145.7729949951172,146.23599243164062,0
2023-08-30 03:00:00+00:00,146.23199462890625,146.35499572753906,146.13400268554688,146.33299255371094,0
2023-08-30 07:00:00+00:00,146.33099365234375,146.53700256347656,146.25100708007812,146.32699584960938,0
2023-08-30 11:00:00+00:00,146.3280029296875,146.43600463867188,145.5540008544922,145.8419952392578,0
2023-08-30 15:00:00+00:00,145.83900451660156,146.25,145.7519989013672,146.177001953125,0
2023-08-30 19:00:00+00:00,146.17999267578125,146.29400634765625,146.05299377441406,146.10699462890625,0
2023-08-30 23:00:00+00:00,146.10800170898438,146.12399291992188,145.74899291992188,145.78900146484375,0
2023-08-31 03:00:00+00:00,145.78799438476562,146.0469970703125,145.78399658203125,146.04400634765625,0
2023-08-31 07:00:00+00:00,146.04200744628906,146.052001953125,145.7169952392578,145.92300415039062,0
2023-08-31 11:00:00+00:00,145.91799926757812,146.22799682617188,145.5330047607422,145.60299682617188,0
2023-08-31 15:00:00+00:00,145.60000610351562,145.74099731445312,145.34500122070312,145.4250030517578,0
2023-08-31 19:00:00+00:00,145.4250030517578,145.5679931640625,145.36199951171875,145.51800537109375,0
2023-08-31 23:00:00+00:00,145.5229949951172,145.7010040283203,145.23599243164062,145.40899658203125,0
2023-09-01 03:00:00+00:00,145.41099548339844,145.63099670410156,145.4080047607422,145.5489959716797,0
2023-09-01 07:00:00+00:00,145.54800415039062,145.5500030517578,145.36399841308594,145.42799377441406,0
2023-09-01 11:00:00+00:00,145.42999267578125,146.06500244140625,144.43899536132812,146.01100158691406,0
2023-09-01 15:00:00+00:00,146.00999450683594,146.29400634765625,145.99000549316406,146.1510009765625,0
2023-09-01 19:00:00+00:00,146.1529998779297,146.28599548339844,146.11099243164062,146.1929931640625,0
2023-09-03 23:00:00+00:00,146.15699768066406,146.2469940185547,146.01800537109375,146.13600158691406,0
2023-09-04 03:00:00+00:00,146.13999938964844,146.23899841308594,146.10499572753906,146.18800354003906,0
2023-09-04 07:00:00+00:00,146.18499755859375,146.46499633789062,146.17999267578125,146.32400512695312,0
2023-09-04 11:00:00+00:00,146.33200073242188,146.47000122070312,146.32200622558594,146.44900512695312,0
2023-09-04 15:00:00+00:00,146.447998046875,146.4949951171875,146.41600036621094,146.48899841308594,0
2023-09-04 19:00:00+00:00,146.48699951171875,146.52200317382812,146.36500549316406,146.51300048828125,0
2023-09-04 23:00:00+00:00,146.51400756835938,146.7259979248047,146.4759979248047,146.71400451660156,0
2023-09-05 03:00:00+00:00,146.71800231933594,147.05999755859375,146.63800048828125,146.9550018310547,0
2023-09-05 07:00:00+00:00,146.96099853515625,147.2779998779297,146.83299255371094,147.22900390625,0
2023-09-05 11:00:00+00:00,147.2259979248047,147.7030029296875,147.0780029296875,147.69000244140625,0
2023-09-05 15:00:00+00:00,147.69400024414062,147.802001953125,147.55299377441406,147.75900268554688,0
2023-09-05 19:00:00+00:00,147.76100158691406,147.77200317382812,147.5959930419922,147.61099243164062,0
2023-09-05 23:00:00+00:00,147.62100219726562,147.8179931640625,147.3560028076172,147.5260009765625,0
2023-09-06 03:00:00+00:00,147.52699279785156,147.58599853515625,147.01199340820312,147.27999877929688,0
2023-09-06 07:00:00+00:00,147.2830047607422,147.59500122070312,147.2239990234375,147.36700439453125,0
2023-09-06 11:00:00+00:00,147.36199951171875,147.6929931640625,147.1280059814453,147.6020050048828,0
2023-09-06 15:00:00+00:00,147.5959930419922,147.73899841308594,147.48300170898438,147.69700622558594,0
2023-09-06 19:00:00+00:00,147.69700622558594,147.74099731445312,147.51499938964844,147.65499877929688,0
2023-09-06 23:00:00+00:00,147.64199829101562,147.87399291992188,147.53599548339844,147.61399841308594,0
2023-09-07 03:00:00+00:00,147.61000061035156,147.6820068359375,147.4239959716797,147.54600524902344,0
2023-09-07 07:00:00+00:00,147.5489959716797,147.58099365234375,147.36000061035156,147.43299865722656,0
2023-09-07 11:00:00+00:00,147.4320068359375,147.61500549316406,147.04200744628906,147.10800170898438,0
2023-09-07 15:00:00+00:00,147.10899353027344,147.28900146484375,147.03799438476562,147.1750030517578,0
2023-09-07 19:00:00+00:00,147.17799377441406,147.3090057373047,147.15699768066406,147.27699279785156,0
2023-09-07 23:00:00+00:00,147.2779998779297,147.38499450683594,146.58299255371094,147.21499633789062,0
2023-09-08 03:00:00+00:00,147.2100067138672,147.3419952392578,147.0469970703125,147.23800659179688,0
2023-09-08 07:00:00+00:00,147.23800659179688,147.45799255371094,147.2100067138672,147.38699340820312,0
2023-09-08 11:00:00+00:00,147.38800048828125,147.697998046875,147.27999877929688,147.64599609375,0
2023-09-08 15:00:00+00:00,147.63900756835938,147.8350067138672,147.58700561523438,147.82200622558594,0
2023-09-08 19:00:00+00:00,147.822998046875,147.8699951171875,147.74600219726562,147.80999755859375,0
2023-09-10 23:00:00+00:00,147.11000061035156,147.26100158691406,146.53799438476562,146.62899780273438,0
2023-09-11 03:00:00+00:00,146.63299560546875,146.71400451660156,145.90699768066406,146.07200622558594,0
2023-09-11 07:00:00+00:00,146.0659942626953,146.92999267578125,145.8990020751953,146.8990020751953,0
2023-09-11 11:00:00+00:00,146.89700317382812,146.98599243164062,146.19400024414062,146.4040069580078,0
2023-09-11 15:00:00+00:00,146.40499877929688,146.58700561523438,146.32899475097656,146.53399658203125,0
2023-09-11 19:00:00+00:00,146.5330047607422,146.6009979248047,146.43800354003906,146.5240020751953,0
2023-09-11 23:00:00+00:00,146.51199340820312,146.8040008544922,146.4499969482422,146.6959991455078,0
2023-09-12 03:00:00+00:00,146.6959991455078,146.94500732421875,146.58700561523438,146.88499450683594,0
2023-09-12 07:00:00+00:00,146.88699340820312,146.98300170898438,146.656005859375,146.9010009765625,0
2023-09-12 11:00:00+00:00,146.9029998779297,147.23399353027344,146.85800170898438,147.20399475097656,0
2023-09-12 15:00:00+00:00,147.20899963378906,147.2570037841797,147.0540008544922,147.0970001220703,0
2023-09-12 19:00:00+00:00,147.09300231933594,147.1649932861328,146.97900390625,147.0590057373047,0
2023-09-12 23:00:00+00:00,147.06100463867188,147.44700622558594,147.0469970703125,147.36700439453125,0
2023-09-13 03:00:00+00:00,147.3679962158203,147.42799377441406,147.21200561523438,147.2760009765625,0
2023-09-13 07:00:00+00:00,147.2740020751953,147.43699645996094,147.20399475097656,147.38499450683594,0
2023-09-13 11:00:00+00:00,147.38099670410156,147.68899536132812,147.20599365234375,147.50100708007812,0
2023-09-13 15:00:00+00:00,147.50100708007812,147.5469970703125,147.16200256347656,147.44500732421875,0
2023-09-13 19:00:00+00:00,147.4459991455078,147.50799560546875,147.31300354003906,147.33200073242188,0
2023-09-13 23:00:00+00:00,147.32200622558594,147.38999938964844,147.02099609375,147.08799743652344,0
2023-09-14 03:00:00+00:00,147.08999633789062,147.16099548339844,147.01600646972656,147.1060028076172,0
2023-09-14 07:00:00+00:00,147.1060028076172,147.39300537109375,147.093994140625,147.3209991455078,0
2023-09-14 11:00:00+00:00,147.3209991455078,147.5659942626953,147.03399658203125,147.1219940185547,0
2023-09-14 15:00:00+00:00,147.12399291992188,147.49000549316406,147.01199340820312,147.44000244140625,0
2023-09-14 19:00:00+00:00,147.44200134277344,147.49099731445312,147.39599609375,147.4510040283203,0
2023-09-14 23:00:00+00:00,147.447998046875,147.52099609375,147.33399963378906,147.48599243164062,0
2023-09-15 03:00:00+00:00,147.48500061035156,147.6959991455078,147.36700439453125,147.61099243164062,0
2023-09-15 07:00:00+00:00,147.61199951171875,147.9499969482422,147.60699462890625,147.94000244140625,0
2023-09-15 11:00:00+00:00,147.94200134277344,147.947998046875,147.58999633789062,147.86399841308594,0
2023-09-15 15:00:00+00:00,147.86300659179688,147.89700317382812,147.71800231933594,147.8520050048828,0
2023-09-15 19:00:00+00:00,147.84800720214844,147.89199829101562,147.81199645996094,147.81900024414062,0
2023-09-17 23:00:00+00:00,147.81900024414062,147.87899780273438,147.70199584960938,147.74000549316406,0
2023-09-18 03:00:00+00:00,147.73899841308594,147.7480010986328,147.5540008544922,147.6719970703125,0
2023-09-18 07:00:00+00:00,147.6699981689453,147.75799560546875,147.57000732421875,147.64999389648438,0
2023-09-18 11:00:00+00:00,147.656005859375,147.77200317382812,147.55999755859375,147.6719970703125,0
2023-09-18 15:00:00+00:00,147.66799926757812,147.75799560546875,147.5800018310547,147.7480010986328,0
2023-09-18 19:00:00+00:00,147.74400329589844,147.75799560546875,147.5290069580078,147.6179962158203,0
2023-09-18 23:00:00+00:00,147.6179962158203,147.77499389648438,147.49000549316406,147.73599243164062,0
2023-09-19 03:00:00+00:00,147.73699951171875,147.8939971923828,147.7100067138672,147.83799743652344,0
2023-09-19 07:00:00+00:00,147.8350067138672,147.86000061035156,147.56300354003906,147.6649932861328,0
2023-09-19 11:00:00+00:00,147.66000366210938,147.83599853515625,147.61000061035156,147.6959991455078,0
2023-09-19 15:00:00+00:00,147.69700622558594,147.92100524902344,147.6699981689453,147.8470001220703,0
2023-09-19 19:00:00+00:00,147.84500122070312,147.8800048828125,147.68099975585938,147.7519989013672,0
2023-09-19 23:00:00+00:00,147.76600646972656,147.8459930419922,147.6699981689453,147.8350067138672,0
2023-09-20 03:00:00+00:00,147.83200073242188,147.96299743652344,147.75999450683594,147.93800354003906,0
2023-09-20 07:00:00+00:00,147.9340057373047,148.16700744628906,147.80999755859375,147.86700439453125,0
2023-09-20 11:00:00+00:00,147.87100219726562,147.9320068359375,147.6269989013672,147.69200134277344,0
2023-09-20 15:00:00+00:00,147.6929931640625,148.11599731445312,147.4600067138672,148.01499938964844,0
2023-09-20 19:00:00+00:00,148.01300048828125,148.35800170898438,147.9600067138672,148.26199340820312,0
2023-09-20 23:00:00+00:00,148.2570037841797,148.45799255371094,148.18800354003906,148.2729949951172,0
2023-09-21 03:00:00+00:00,148.2760009765625,148.4080047607422,148.22000122070312,148.2729949951172,0
2023-09-21 07:00:00+00:00,148.27000427246094,148.36599731445312,147.72900390625,147.73199462890625,0
2023-09-21 11:00:00+00:00,147.72799682617188,148.05799865722656,147.36700439453125,147.41099548339844,0
2023-09-21 15:00:00+00:00,147.41099548339844,147.58099365234375,147.3179931640625,147.51699829101562,0
2023-09-21 19:00:00+00:00,147.51699829101562,147.60299682617188,147.43800354003906,147.5679931640625,0
2023-09-21 23:00:00+00:00,147.55599975585938,148.18099975585938,147.50399780273438,148.03799438476562,0
2023-09-22 03:00:00+00:00,148.0399932861328,148.41900634765625,147.8979949951172,148.32400512695312,0
2023-09-22 07:00:00+00:00,148.32400512695312,148.41600036621094,148.1320037841797,148.25900268554688,0
2023-09-22 11:00:00+00:00,148.2570037841797,148.3560028076172,147.95599365234375,148.0760040283203,0
2023-09-22 15:00:00+00:00,148.07699584960938,148.39199829101562,148.05799865722656,148.38299560546875,0
2023-09-22 19:00:00+00:00,148.38499450683594,148.41299438476562,148.3300018310547,148.36000061035156,0
2023-09-24 23:00:00+00:00,148.3800048828125,148.48300170898438,148.28799438476562,148.36000061035156,0
2023-09-25 03:00:00+00:00,148.36500549316406,148.43699645996094,148.3159942626953,148.43499755859375,0
2023-09-25 07:00:00+00:00,148.43600463867188,148.6580047607422,148.36900329589844,148.60299682617188,0
2023-09-25 11:00:00+00:00,148.60800170898438,148.96499633789062,148.59800720214844,148.927001953125,0
2023-09-25 15:00:00+00:00,148.92999267578125,148.93099975585938,148.71400451660156,148.8350067138672,0
2023-09-25 19:00:00+00:00,148.83599853515625,148.89500427246094,148.7760009765625,148.80099487304688,0
2023-09-25 23:00:00+00:00,148.80099487304688,148.95399475097656,148.7010040283203,148.90499877929688,0
2023-09-26 03:00:00+00:00,148.90499877929688,149.18600463867188,148.80799865722656,149.1580047607422,0
2023-09-26 07:00:00+00:00,149.16000366210938,149.16600036621094,148.75399780273438,148.88699340820312,0
2023-09-26 11:00:00+00:00,148.88699340820312,148.98899841308594,148.79200744628906,148.83099365234375,0
2023-09-26 15:00:00+00:00,148.83399963378906,149.07400512695312,148.82200622558594,149.06700134277344,0
2023-09-26 19:00:00+00:00,149.07000732421875,149.09800720214844,148.9429931640625,149.04600524902344,0
2023-09-26 23:00:00+00:00,149.05599975585938,149.08099365234375,148.8560028076172,148.97900390625,0
2023-09-27 03:00:00+00:00,148.97900390625,149.1510009765625,148.96099853515625,149.05299377441406,0
2023-09-27 07:00:00+00:00,149.05099487304688,149.22999572753906,148.96800231933594,149.2169952392578,0
2023-09-27 11:00:00+00:00,149.21600341796875,149.4980010986328,149.10800170898438,149.49400329589844,0
2023-09-27 15:00:00+00:00,149.49400329589844,149.70799255371094,149.36900329589844,149.5850067138672,0
2023-09-27 19:00:00+00:00,149.58599853515625,149.66000366210938,149.3300018310547,149.4739990234375,0
2023-09-27 23:00:00+00:00,149.4720001220703,149.5540008544922,149.36599731445312,149.4199981689453,0
2023-09-28 03:00:00+00:00,149.4239959716797,149.45399475097656,149.2550048828125,149.37100219726562,0
2023-09-28 07:00:00+00:00,149.3679962158203,149.42799377441406,149.20399475097656,149.30799865722656,0
2023-09-28 11:00:00+00:00,149.3070068359375,149.5019989013672,149.14300537109375,149.3820037841797,0
2023-09-28 15:00:00+00:00,149.3820037841797,149.41700744628906,149.16000366210938,149.2259979248047,0
2023-09-28 19:00:00+00:00,149.22500610351562,149.3300018310547,149.1959991455078,149.2519989013672,0
2023-09-28 23:00:00+00:00,149.25999450683594,149.45199584960938,149.25,149.39999389648438,0
2023-09-29 03:00:00+00:00,149.39999389648438,149.50599670410156,148.7469940185547,148.875,0
2023-09-29 07:00:00+00:00,148.8730010986328,149.14999389648438,148.5240020751953,149.1009979248047,0
2023-09-29 11:00:00+00:00,149.10000610351562,149.3939971923828,148.9340057373047,149.20700073242188,0
2023-09-29 15:00:00+00:00,149.20599365234375,149.48800659179688,149.19400024414062,149.39500427246094,0
2023-09-29 19:00:00+00:00,149.39199829101562,149.45599365234375,149.30499267578125,149.3300018310547,0
2023-10-01 23:00:00+00:00,149.57899475097656,149.7949981689453,149.45199584960938,149.77200317382812,0
2023-10-02 03:00:00+00:00,149.7790069580078,149.822998046875,149.61500549316406,149.6280059814453,0
2023-10-02 07:00:00+00:00,149.6269989013672,149.78900146484375,149.552001953125,149.72999572753906,0
2023-10-02 11:00:00+00:00,149.72999572753906,149.8780059814453,149.6699981689453,149.83799743652344,0
2023-10-02 15:00:00+00:00,149.84100341796875,149.86500549316406,149.7050018310547,149.75100708007812,0
2023-10-02 19:00:00+00:00,149.7530059814453,149.8719940185547,149.7169952392578,149.84300231933594,0
2023-10-02 23:00:00+00:00,149.8419952392578,149.89199829101562,149.78199768066406,149.84500122070312,0
2023-10-03 03:00:00+00:00,149.8489990234375,149.93299865722656,149.70799255371094,149.73599243164062,0
2023-10-03 07:00:00+00:00,149.74000549316406,149.91299438476562,149.64999389648438,149.8780059814453,0
2023-10-03 11:00:00+00:00,149.88099670410156,150.16000366210938,147.27699279785156,149.04600524902344,0
2023-10-03 15:00:00+00:00,149.052001953125,149.3350067138672,148.85499572753906,148.86399841308594,0
2023-10-03 19:00:00+00:00,148.86199951171875,149.11500549316406,148.70399475097656,149.10699462890625,0
2023-10-03 23:00:00+00:00,149.10699462890625,149.3179931640625,149.06700134277344,149.29600524902344,0
2023-10-04 03:00:00+00:00,149.3000030517578,149.31399536132812,149.13900756835938,149.19500732421875,0
2023-10-04 07:00:00+00:00,149.19500732421875,149.24200439453125,148.72999572753906,149.0279998779297,0
2023-10-04 11:00:00+00:00,149.02699279785156,149.13400268554688,148.77499389648438,148.96400451660156,0
2023-10-04 15:00:00+00:00,148.96200561523438,149.1320037841797,148.75799560546875,149.03700256347656,0
2023-10-04 19:00:00+00:00,149.03700256347656,149.1280059814453,148.9250030517578,148.98899841308594,0
2023-10-04 23:00:00+00:00,148.99200439453125,149.01199340820312,148.2550048828125,148.46800231933594,0
2023-10-05 03:00:00+00:00,148.4669952392578,148.83299255371094,148.40899658203125,148.8280029296875,0
2023-10-05 07:00:00+00:00,148.83200073242188,149.0959930419922,148.76800537109375,148.83900451660156,0
2023-10-05 11:00:00+00:00,148.83799743652344,149.11599731445312,148.53700256347656,148.60699462890625,0
2023-10-05 15:00:00+00:00,148.60699462890625,148.69500732421875,148.302001953125,148.38999938964844,0
2023-10-05 19:00:00+00:00,148.38999938964844,148.51600646972656,148.36000061035156,148.4550018310547,0
2023-10-05 23:00:00+00:00,148.45599365234375,148.6929931640625,148.35400390625,148.61500549316406,0
2023-10-06 03:00:00+00:00,148.61000061035156,148.98899841308594,148.5570068359375,148.9510040283203,0
2023-10-06 07:00:00+00:00,148.947998046875,149.0760040283203,148.83200073242188,149.0330047607422,0
2023-10-06 11:00:00+00:00,149.03199768066406,149.53599548339844,148.947998046875,149.37100219726562,0
2023-10-06 15:00:00+00:00,149.37399291992188,149.3769989013672,149.03599548339844,149.33900451660156,0
2023-10-06 19:00:00+00:00,149.3350067138672,149.35699462890625,149.2050018310547,149.2740020751953,0
2023-10-08 23:00:00+00:00,149.1649932861328,149.20899963378906,149.07400512695312,149.12100219726562,0
2023-10-09 03:00:00+00:00,149.12399291992188,149.2239990234375,149.10400390625,149.18499755859375,0
2023-10-09 07:00:00+00:00,149.18699645996094,149.19900512695312,149.0780029296875,149.1479949951172,0
2023-10-09 11:00:00+00:00,149.14500427246094,149.1820068359375,148.51199340820312,148.53799438476562,0
2023-10-09 15:00:00+00:00,148.54100036621094,148.78199768066406,148.4429931640625,148.45700073242188,0
2023-10-09 19:00:00+00:00,148.4530029296875,148.55099487304688,148.36599731445312,148.41400146484375,0
2023-10-09 23:00:00+00:00,148.4149932861328,148.66600036621094,148.1580047607422,148.61700439453125,0
2023-10-10 03:00:00+00:00,148.61500549316406,148.92999267578125,148.51499938964844,148.88999938964844,0
2023-10-10 07:00:00+00:00,148.88499450683594,149.0709991455078,148.73300170898438,148.94400024414062,0
2023-10-10 11:00:00+00:00,148.94500732421875,149.0970001220703,148.8070068359375,148.843994140625,0
2023-10-10 15:00:00+00:00,148.84100341796875,148.85000610351562,148.5399932861328,148.72300720214844,0
2023-10-10 19:00:00+00:00,148.7220001220703,148.76100158691406,148.61399841308594,148.6320037841797,0
2023-10-10 23:00:00+00:00,148.6219940185547,148.7519989013672,148.4199981689453,148.72300720214844,0
2023-10-11 03:00:00+00:00,148.7239990234375,148.9720001220703,148.697998046875,148.89300537109375,0
2023-10-11 07:00:00+00:00,148.89199829101562,148.91600036621094,148.5760040283203,148.70599365234375,0
2023-10-11 11:00:00+00:00,148.70599365234375,149.14500427246094,148.66000366210938,149.13400268554688,0
2023-10-11 15:00:00+00:00,149.13499450683594,149.32400512695312,148.95799255371094,149.25900268554688,0
2023-10-11 19:00:00+00:00,149.25999450683594,149.26400756835938,148.99200439453125,149.00399780273438,0
2023-10-11 23:00:00+00:00,149.0030059814453,149.2729949951172,148.9720001220703,149.2530059814453,0
2023-10-12 03:00:00+00:00,149.2570037841797,149.26400756835938,148.9510040283203,149.03500366210938,0
2023-10-12 07:00:00+00:00,149.03599548339844,149.197998046875,149.02699279785156,149.15499877929688,0
2023-10-12 11:00:00+00:00,149.15899658203125,149.74200439453125,149.01699829101562,149.72799682617188,0
2023-10-12 15:00:00+00:00,149.7310028076172,149.82699584960938,149.656005859375,149.81199645996094,0
2023-10-12 19:00:00+00:00,149.8159942626953,149.82899475097656,149.74000549316406,149.76800537109375,0
2023-10-12 23:00:00+00:00,149.76600646972656,149.8280029296875,149.71800231933594,149.79600524902344,0
2023-10-13 03:00:00+00:00,149.7969970703125,149.80099487304688,149.5659942626953,149.7480010986328,0
2023-10-13 07:00:00+00:00,149.7469940185547,149.7779998779297,149.55799865722656,149.6230010986328,0
2023-10-13 11:00:00+00:00,149.6230010986328,149.74899291992188,149.447998046875,149.66299438476562,0
2023-10-13 15:00:00+00:00,149.66099548339844,149.69200134277344,149.48199462890625,149.49899291992188,0
2023-10-13 19:00:00+00:00,149.4980010986328,149.59300231933594,149.46499633789062,149.49899291992188,0
2023-10-15 23:00:00+00:00,149.58200073242188,149.6320037841797,149.41400146484375,149.44500732421875,0
2023-10-16 03:00:00+00:00,149.4409942626953,149.5850067138672,149.37100219726562,149.5709991455078,0
2023-10-16 07:00:00+00:00,149.57400512695312,149.61399841308594,149.44400024414062,149.5540008544922,0
2023-10-16 11:00:00+00:00,149.55499267578125,149.76400756835938,149.4040069580078,149.63499450683594,0
2023-10-16 15:00:00+00:00,149.63900756835938,149.64500427246094,149.51199340820312,149.51400756835938,0
2023-10-16 19:00:00+00:00,149.51199340820312,149.625,149.4759979248047,149.58399963378906,0
2023-10-16 23:00:00+00:00,149.58099365234375,149.63099670410156,149.47500610351562,149.5449981689453,0
2023-10-17 03:00:00+00:00,149.5469970703125,149.6580047607422,149.49600219726562,149.6510009765625,0
2023-10-17 07:00:00+00:00,149.6529998779297,149.7480010986328,148.73899841308594,149.54800415039062,0
2023-10-17 11:00:00+00:00,149.55099487304688,149.79400634765625,149.3509979248047,149.697998046875,0
2023-10-17 15:00:00+00:00,149.697998046875,149.85000610351562,149.66799926757812,149.78199768066406,0
2023-10-17 19:00:00+00:00,149.7830047607422,149.8470001220703,149.71200561523438,149.7519989013672,0
2023-10-17 23:00:00+00:00,149.76100158691406,149.79299926757812,149.6479949951172,149.68099975585938,0
2023-10-18 03:00:00+00:00,149.68299865722656,149.697998046875,149.4810028076172,149.67999267578125,0
2023-10-18 07:00:00+00:00,149.67999267578125,149.78399658203125,149.60800170898438,149.6999969482422,0
2023-10-18 11:00:00+00:00,149.69900512695312,149.88600158691406,149.6219940185547,149.78199768066406,0
2023-10-18 15:00:00+00:00,149.77999877929688,149.9010009765625,149.72999572753906,149.89199829101562,0
2023-10-18 19:00:00+00:00,149.88800048828125,149.93600463867188,149.73500061035156,149.8520050048828,0
2023-10-18 23:00:00+00:00,149.8520050048828,149.88600158691406,149.66200256347656,149.8070068359375,0
2023-10-19 03:00:00+00:00,149.8070068359375,149.83200073242188,149.71800231933594,149.78599548339844,0
2023-10-19 07:00:00+00:00,149.78399658203125,149.87899780273438,149.73199462890625,149.79800415039062,0
2023-10-19 11:00:00+00:00,149.7989959716797,149.92799377441406,149.76199340820312,149.92100524902344,0
2023-10-19 15:00:00+00:00,149.91799926757812,149.96299743652344,149.6719970703125,149.85299682617188,0
2023-10-19 19:00:00+00:00,149.85000610351562,149.85800170898438,149.69700622558594,149.8249969482422,0
2023-10-19 23:00:00+00:00,149.81500244140625,149.9409942626953,149.7519989013672,149.843994140625,0
2023-10-20 03:00:00+00:00,149.8459930419922,149.95199584960938,149.81199645996094,149.89199829101562,0
2023-10-20 07:00:00+00:00,149.89500427246094,149.9929962158203,149.63900756835938,149.93699645996094,0
2023-10-20 11:00:00+00:00,149.9340057373047,149.98899841308594,149.85000610351562,149.89500427246094,0
2023-10-20 15:00:00+00:00,149.89700317382812,149.8979949951172,149.77200317382812,149.85400390625,0
2023-10-20 19:00:00+00:00,149.8520050048828,149.88800048828125,149.79299926757812,149.80299377441406,0
2023-10-22 23:00:00+00:00,149.85800170898438,149.9219970703125,149.7740020751953,149.91700744628906,0
2023-10-23 03:00:00+00:00,149.91900634765625,149.96299743652344,149.89599609375,149.92999267578125,0
2023-10-23 07:00:00+00:00,149.9290008544922,149.99000549316406,149.86099243164062,149.968994140625,0
2023-10-23 11:00:00+00:00,149.96600341796875,149.9739990234375,149.84500122070312,149.86000061035156,0
2023-10-23 15:00:00+00:00,149.86000061035156,149.86900329589844,149.5540008544922,149.5570068359375,0
2023-10-23 19:00:00+00:00,149.56300354003906,149.7209930419922,149.5469970703125,149.67799377441406,0
2023-10-23 23:00:00+00:00,149.6840057373047,149.78799438476562,149.4929962158203,149.58200073242188,0
2023-10-24 03:00:00+00:00,149.5800018310547,149.75,149.39999389648438,149.46400451660156,0
2023-10-24 07:00:00+00:00,149.46200561523438,149.7989959716797,149.3179931640625,149.78900146484375,0
2023-10-24 11:00:00+00:00,149.7899932861328,149.9290008544922,149.71800231933594,149.8699951171875,0
2023-10-24 15:00:00+00:00,149.87100219726562,149.9219970703125,149.7429962158203,149.90199279785156,0
2023-10-24 19:00:00+00:00,149.9029998779297,149.91900634765625,149.78799438476562,149.8560028076172,0
2023-10-24 23:00:00+00:00,149.8560028076172,149.9250030517578,149.78799438476562,149.79800415039062,0
2023-10-25 03:00:00+00:00,149.802001953125,149.8939971923828,149.7949981689453,149.88699340820312,0
2023-10-25 07:00:00+00:00,149.88900756835938,149.94500732421875,149.86199951171875,149.92799377441406,0
2023-10-25 11:00:00+00:00,149.9239959716797,149.94400024414062,149.87399291992188,149.92599487304688,0
2023-10-25 15:00:00+00:00,149.92300415039062,150.0469970703125,149.86199951171875,150.00900268554688,0
2023-10-25 19:00:00+00:00,150.01100158691406,150.31500244140625,149.99200439453125,150.17599487304688,0
2023-10-25 23:00:00+00:00,150.17799377441406,150.43699645996094,150.03599548339844,150.42799377441406,0
2023-10-26 03:00:00+00:00,150.4290008544922,150.7779998779297,149.8300018310547,150.44200134277344,0
2023-10-26 07:00:00+00:00,150.43899536132812,150.6230010986328,150.19700622558594,150.26800537109375,0
2023-10-26 11:00:00+00:00,150.26699829101562,150.5229949951172,150.0800018310547,150.33799743652344,0
2023-10-26 15:00:00+00:00,150.3419952392578,150.5019989013672,150.2310028076172,150.36700439453125,0
2023-10-26 19:00:00+00:00,150.36399841308594,150.43899536132812,150.31900024414062,150.36000061035156,0
2023-10-26 23:00:00+00:00,150.36399841308594,150.41099548339844,150.16000366210938,150.16900634765625,0
2023-10-27 03:00:00+00:00,150.16700744628906,150.27699279785156,150.0749969482422,150.18299865722656,0
2023-10-27 07:00:00+00:00,150.18099975585938,150.24600219726562,149.96600341796875,150.07400512695312,0
2023-10-27 11:00:00+00:00,150.07400512695312,150.14199829101562,149.5780029296875,149.61900329589844,0
2023-10-27 15:00:00+00:00,149.6179962158203,149.69900512695312,149.45599365234375,149.50999450683594,0
2023-10-27 19:00:00+00:00,149.50900268554688,149.74000549316406,149.49099731445312,149.62600708007812,0
2023-10-30 00:00:00+00:00,149.73199462890625,149.81399536132812,149.55999755859375,149.5800018310547,0
2023-10-30 04:00:00+00:00,149.57699584960938,149.66600036621094,149.27999877929688,149.5240020751953,0
2023-10-30 08:00:00+00:00,149.51800537109375,149.781005859375,149.4720001220703,149.7480010986328,0
2023-10-30 12:00:00+00:00,149.75100708007812,149.85400390625,148.8000030517578,149.00999450683594,0
2023-10-30 16:00:00+00:00,149.00799560546875,149.16299438476562,148.9499969482422,149.06300354003906,0
2023-10-30 20:00:00+00:00,149.06500244140625,149.16099548339844,148.9969940185547,149.09300231933594,0
2023-10-31 00:00:00+00:00,149.0959930419922,150.10499572753906,149.08799743652344,149.89300537109375,0
2023-10-31 04:00:00+00:00,149.89500427246094,150.31500244140625,149.85299682617188,150.2760009765625,0
2023-10-31 08:00:00+00:00,150.27999877929688,150.7760009765625,150.06300354003906,150.73199462890625,0
2023-10-31 12:00:00+00:00,150.73599243164062,151.5570068359375,150.6320037841797,151.45700073242188,0
2023-10-31 16:00:00+00:00,151.45399475097656,151.70799255371094,151.03900146484375,151.57200622558594,0
2023-10-31 20:00:00+00:00,151.5780029296875,151.7270050048828,151.1510009765625,151.29400634765625,0
2023-11-01 00:00:00+00:00,151.31700134277344,151.44400024414062,151.13800048828125,151.24099731445312,0
2023-11-01 04:00:00+00:00,151.24000549316406,151.39700317382812,151.197998046875,151.37399291992188,0
2023-11-01 08:00:00+00:00,151.3719940185547,151.3780059814453,151.13400268554688,151.23300170898438,0
2023-11-01 12:00:00+00:00,151.2310028076172,151.3780059814453,150.81100463867188,150.96200561523438,0
2023-11-01 16:00:00+00:00,150.96499633789062,151.23899841308594,150.6580047607422,150.86700439453125,0
2023-11-01 20:00:00+00:00,150.86399841308594,150.9669952392578,150.5749969482422,150.58700561523438,0
2023-11-02 00:00:00+00:00,150.57699584960938,150.5989990234375,150.14599609375,150.3470001220703,0
2023-11-02 04:00:00+00:00,150.34800720214844,150.5760040283203,150.16400146484375,150.38299560546875,0
2023-11-02 08:00:00+00:00,150.38299560546875,150.5780029296875,150.2220001220703,150.36099243164062,0
2023-11-02 12:00:00+00:00,150.36300659179688,150.49400329589844,149.83999633789062,150.48300170898438,0
2023-11-02 16:00:00+00:00,150.48399353027344,150.54400634765625,150.3699951171875,150.45700073242188,0
2023-11-02 20:00:00+00:00,150.4550018310547,150.53399658203125,150.38600158691406,150.49099731445312,0
2023-11-03 00:00:00+00:00,150.4929962158203,150.4969940185547,150.3070068359375,150.3459930419922,0
2023-11-03 04:00:00+00:00,150.3470001220703,150.3470001220703,150.2310028076172,150.33999633789062,0
2023-11-03 08:00:00+00:00,150.34100341796875,150.42599487304688,150.14599609375,150.17999267578125,0
2023-11-03 12:00:00+00:00,150.1790008544922,150.22500610351562,149.18099975585938,149.36599731445312,0
2023-11-03 16:00:00+00:00,149.36700439453125,149.4709930419922,149.24000549316406,149.4669952392578,0
2023-11-03 20:00:00+00:00,149.46600341796875,149.4770050048828,149.3159942626953,149.33999633789062,0
2023-11-06 00:00:00+00:00,149.44900512695312,149.6739959716797,149.43499755859375,149.57400512695312,0
2023-11-06 04:00:00+00:00,149.5749969482422,149.73500061035156,149.46200561523438,149.72300720214844,0
2023-11-06 08:00:00+00:00,149.72500610351562,149.7310028076172,149.3719940185547,149.62100219726562,0
2023-11-06 12:00:00+00:00,149.62399291992188,149.83799743652344,149.59800720214844,149.72900390625,0
2023-11-06 16:00:00+00:00,149.7310028076172,149.9810028076172,149.67599487304688,149.9739990234375,0
2023-11-06 20:00:00+00:00,149.9759979248047,150.08099365234375,149.89599609375,149.98199462890625,0
2023-11-07 00:00:00+00:00,149.98500061035156,150.2239990234375,149.95599365234375,150.1959991455078,0
2023-11-07 04:00:00+00:00,150.19200134277344,150.49200439453125,150.19200134277344,150.47999572753906,0
2023-11-07 08:00:00+00:00,150.4720001220703,150.49099731445312,150.24000549316406,150.406005859375,0
2023-11-07 12:00:00+00:00,150.40199279785156,150.6909942626953,150.3780059814453,150.4969940185547,0
2023-11-07 16:00:00+00:00,150.4969940185547,150.6199951171875,150.31199645996094,150.43899536132812,0
2023-11-07 20:00:00+00:00,150.4409942626953,150.47799682617188,150.29600524902344,150.39100646972656,0
2023-11-08 00:00:00+00:00,150.39599609375,150.61599731445312,150.343994140625,150.49200439453125,0
2023-11-08 04:00:00+00:00,150.49600219726562,150.75599670410156,150.45599365234375,150.67799377441406,0
2023-11-08 08:00:00+00:00,150.67599487304688,150.7949981689453,150.5919952392578,150.7310028076172,0
2023-11-08 12:00:00+00:00,150.74000549316406,150.98699951171875,150.72000122070312,150.8489990234375,0
2023-11-08 16:00:00+00:00,150.8459930419922,151.05299377441406,150.7259979248047,151.03199768066406,0
2023-11-08 20:00:00+00:00,151.031005859375,151.05599975585938,150.822998046875,150.85800170898438,0
2023-11-09 00:00:00+00:00,150.84800720214844,150.99899291992188,150.8179931640625,150.93600463867188,0
2023-11-09 04:00:00+00:00,150.93899536132812,151.09100341796875,150.76600646972656,150.91600036621094,0
2023-11-09 08:00:00+00:00,150.91600036621094,151.18600463867188,150.875,151.13499450683594,0
2023-11-09 12:00:00+00:00,151.13699340820312,151.16700744628906,150.8280029296875,150.94700622558594,0
2023-11-09 16:00:00+00:00,150.947998046875,151.38699340820312,150.92999267578125,151.32400512695312,0
2023-11-09 20:00:00+00:00,151.3209991455078,151.3800048828125,151.2270050048828,151.34300231933594,0
2023-11-10 00:00:00+00:00,151.343994140625,151.37600708007812,151.21800231933594,151.3260040283203,0
2023-11-10 04:00:00+00:00,151.3260040283203,151.4530029296875,151.28399658203125,151.3730010986328,0
2023-11-10 08:00:00+00:00,151.37100219726562,151.48899841308594,151.3209991455078,151.4770050048828,0
2023-11-10 12:00:00+00:00,151.4759979248047,151.55099487304688,151.3179931640625,151.4720001220703,0
2023-11-10 16:00:00+00:00,151.4739990234375,151.6020050048828,151.4429931640625,151.58799743652344,0
2023-11-10 20:00:00+00:00,151.58700561523438,151.60000610351562,151.4669952392578,151.4720001220703,0
2023-11-13 00:00:00+00:00,151.46099853515625,151.6999969482422,151.43800354003906,151.66799926757812,0
2023-11-13 04:00:00+00:00,151.6699981689453,151.80099487304688,151.66200256347656,151.7449951171875,0
2023-11-13 08:00:00+00:00,151.74200439453125,151.85499572753906,151.67799377441406,151.72500610351562,0
2023-11-13 12:00:00+00:00,151.7259979248047,151.9080047607422,151.20199584960938,151.68699645996094,0
2023-11-13 16:00:00+00:00,151.68499755859375,151.69000244140625,151.49099731445312,151.59500122070312,0
2023-11-13 20:00:00+00:00,151.593994140625,151.72799682617188,151.58999633789062,151.64599609375,0
2023-11-14 00:00:00+00:00,151.64599609375,151.78199768066406,151.61000061035156,151.6959991455078,0
2023-11-14 04:00:00+00:00,151.6999969482422,151.73199462890625,151.57000732421875,151.6269989013672,0
2023-11-14 08:00:00+00:00,151.62899780273438,151.7429962158203,151.5989990234375,151.7310028076172,0
2023-11-14 12:00:00+00:00,151.7310028076172,151.75399780273438,150.677001953125,150.8159942626953,0
2023-11-14 16:00:00+00:00,150.82000732421875,150.86599731445312,150.34300231933594,150.3489990234375,0
2023-11-14 20:00:00+00:00,150.34500122070312,150.49600219726562,150.1510009765625,150.4759979248047,0
2023-11-15 00:00:00+00:00,150.4810028076172,150.79200744628906,150.43600463867188,150.5749969482422,0
2023-11-15 04:00:00+00:00,150.5760040283203,150.7550048828125,150.5070037841797,150.68899536132812,0
2023-11-15 08:00:00+00:00,150.68899536132812,150.7030029296875,150.2480010986328,150.2740020751953,0
2023-11-15 12:00:00+00:00,150.27099609375,151.24200439453125,150.0399932861328,150.90199279785156,0
2023-11-15 16:00:00+00:00,150.89999389648438,151.4029998779297,150.85699462890625,151.37399291992188,0
2023-11-15 20:00:00+00:00,151.3780059814453,151.4219970703125,151.20599365234375,151.21800231933594,0
2023-11-16 00:00:00+00:00,151.2030029296875,151.3179931640625,151.11199951171875,151.25,0
2023-11-16 04:00:00+00:00,151.25,151.42799377441406,151.24200439453125,151.3699951171875,0
2023-11-16 08:00:00+00:00,151.375,151.42999267578125,151.13600158691406,151.2169952392578,0
2023-11-16 12:00:00+00:00,151.2209930419922,151.29800415039062,150.27999877929688,150.40699768066406,0
2023-11-16 16:00:00+00:00,150.4080047607422,150.656005859375,150.2969970703125,150.60400390625,0
2023-11-16 20:00:00+00:00,150.61099243164062,150.7729949951172,150.55999755859375,150.6999969482422,0
2023-11-17 00:00:00+00:00,150.70399475097656,150.7740020751953,150.41600036621094,150.552001953125,0
2023-11-17 04:00:00+00:00,150.54800415039062,150.6929931640625,150.42999267578125,150.4429931640625,0
2023-11-17 08:00:00+00:00,150.44200134277344,150.4530029296875,149.2239990234375,149.50599670410156,0
2023-11-17 12:00:00+00:00,149.5019989013672,149.79200744628906,149.1959991455078,149.56300354003906,0
2023-11-17 16:00:00+00:00,149.56100463867188,149.8730010986328,149.5240020751953,149.64500427246094,0
2023-11-17 20:00:00+00:00,149.64199829101562,149.718994140625,149.50599670410156,149.56199645996094,0
2023-11-20 00:00:00+00:00,149.95599365234375,149.98599243164062,148.8489990234375,148.90199279785156,0
2023-11-20 04:00:00+00:00,148.9010009765625,149.2100067138672,148.68699645996094,148.906005859375,0
2023-11-20 08:00:00+00:00,148.8979949951172,148.97000122070312,148.09800720214844,148.20199584960938,0
2023-11-20 12:00:00+00:00,148.2050018310547,148.68899536132812,148.18600463867188,148.3719940185547,0
2023-11-20 16:00:00+00:00,148.3699951171875,148.42300415039062,148.13600158691406,148.31700134277344,0
2023-11-20 20:00:00+00:00,148.31199645996094,148.45399475097656,148.21400451660156,148.36900329589844,0
2023-11-21 00:00:00+00:00,148.38299560546875,148.41700744628906,147.3419952392578,147.37600708007812,0
2023-11-21 04:00:00+00:00,147.37899780273438,147.83299255371094,147.24200439453125,147.51300048828125,0
2023-11-21 08:00:00+00:00,147.51499938964844,147.8000030517578,147.15199279785156,147.71400451660156,0
2023-11-21 12:00:00+00:00,147.71499633789062,147.80999755859375,147.3470001220703,147.79200744628906,0
2023-11-21 16:00:00+00:00,147.78900146484375,148.593994140625,147.72999572753906,148.31500244140625,0
2023-11-21 20:00:00+00:00,148.31100463867188,148.42999267578125,148.01300048828125,148.15699768066406,0
2023-11-22 00:00:00+00:00,148.14599609375,148.35499572753906,148.0469970703125,148.2100067138672,0
2023-11-22 04:00:00+00:00,148.21099853515625,149.0540008544922,148.19900512695312,148.95899963378906,0
2023-11-22 08:00:00+00:00,148.9600067138672,149.3509979248047,148.69700622558594,148.76699829101562,0
2023-11-22 12:00:00+00:00,148.76800537109375,149.7480010986328,148.58399963378906,149.68099975585938,0
2023-11-22 16:00:00+00:00,149.68099975585938,149.7480010986328,149.54200744628906,149.5780029296875,0
2023-11-22 20:00:00+00:00,149.57400512695312,149.62100219726562,149.45199584960938,149.45899963378906,0
2023-11-23 00:00:00+00:00,149.45899963378906,149.4600067138672,149.0260009765625,149.12399291992188,0
2023-11-23 04:00:00+00:00,149.12600708007812,149.19900512695312,148.88299560546875,149.14300537109375,0
2023-11-23 08:00:00+00:00,149.14100646972656,149.33900451660156,149.0399932861328,149.24200439453125,0
2023-11-23 12:00:00+00:00,149.23899841308594,149.6909942626953,149.22999572753906,149.4969940185547,0
2023-11-23 16:00:00+00:00,149.4929962158203,149.64199829101562,149.48899841308594,149.56300354003906,0
2023-11-23 20:00:00+00:00,149.56500244140625,149.63999938964844,149.44700622558594,149.6320037841797,0
2023-11-24 00:00:00+00:00,149.63400268554688,149.70899963378906,149.406005859375,149.50399780273438,0
2023-11-24 04:00:00+00:00,149.50100708007812,149.50100708007812,149.19200134277344,149.4219970703125,0
2023-11-24 08:00:00+00:00,149.4250030517578,149.66099548339844,149.36700439453125,149.56700134277344,0
2023-11-24 12:00:00+00:00,149.56300354003906,149.6699981689453,149.4340057373047,149.49600219726562,0
2023-11-24 16:00:00+00:00,149.49899291992188,149.6269989013672,149.44400024414062,149.47799682617188,0
2023-11-24 20:00:00+00:00,149.47999572753906,149.49400329589844,149.3800048828125,149.41000366210938,0
2023-11-27 00:00:00+00:00,149.5760040283203,149.67599487304688,148.88999938964844,148.98199462890625,0
2023-11-27 04:00:00+00:00,148.97999572753906,149.1529998779297,148.77000427246094,149.0189971923828,0
2023-11-27 08:00:00+00:00,149.02099609375,149.3280029296875,148.93600463867188,149.0279998779297,0
2023-11-27 12:00:00+00:00,149.0240020751953,149.0469970703125,148.64999389648438,148.91799926757812,0
2023-11-27 16:00:00+00:00,148.91799926757812,149.0780029296875,148.54400634765625,148.6020050048828,0
2023-11-27 20:00:00+00:00,148.6060028076172,148.6959991455078,148.35800170898438,148.43099975585938,0
2023-11-28 00:00:00+00:00,148.41400146484375,148.41600036621094,147.96499633789062,148.21099853515625,0
2023-11-28 04:00:00+00:00,148.21099853515625,148.5449981689453,148.1219940185547,148.5050048828125,0
2023-11-28 08:00:00+00:00,148.50900268554688,148.8300018310547,148.3979949951172,148.58200073242188,0
2023-11-28 12:00:00+00:00,148.58299255371094,148.69400024414062,147.6999969482422,147.8699951171875,0
2023-11-28 16:00:00+00:00,147.8719940185547,147.91299438476562,147.31700134277344,147.4250030517578,0
2023-11-28 20:00:00+00:00,147.42100524902344,147.5449981689453,147.01300048828125,147.06199645996094,0
2023-11-29 00:00:00+00:00,147.06300354003906,147.30599975585938,146.6649932861328,147.29100036621094,0
2023-11-29 04:00:00+00:00,147.28500366210938,147.36599731445312,146.94500732421875,147.3489990234375,0
2023-11-29 08:00:00+00:00,147.34500122070312,147.8179931640625,147.1750030517578,147.61399841308594,0
2023-11-29 12:00:00+00:00,147.62100219726562,147.90499877929688,147.11599731445312,147.39100646972656,0
2023-11-29 16:00:00+00:00,147.38800048828125,147.47300720214844,147.072998046875,147.24200439453125,0
2023-11-29 20:00:00+00:00,147.24200439453125,147.36399841308594,146.83200073242188,147.03900146484375,0
2023-11-30 00:00:00+00:00,147.05099487304688,147.18899536132812,146.8800048828125,147.08900451660156,0
2023-11-30 04:00:00+00:00,147.09100341796875,147.26499938964844,146.86000061035156,147.05999755859375,0
2023-11-30 08:00:00+00:00,147.06199645996094,147.7449951171875,146.9510040283203,147.70399475097656,0
2023-11-30 12:00:00+00:00,147.70700073242188,148.52000427246094,147.2010040283203,147.83200073242188,0
2023-11-30 16:00:00+00:00,147.8300018310547,148.26800537109375,147.71299743652344,148.20599365234375,0
2023-11-30 20:00:00+00:00,148.21200561523438,148.30099487304688,147.92300415039062,147.99600219726562,0
2023-12-01 00:00:00+00:00,147.99400329589844,148.1820068359375,147.59800720214844,148.1179962158203,0
2023-12-01 04:00:00+00:00,148.12100219726562,148.31500244140625,147.99400329589844,148.30099487304688,0
2023-12-01 08:00:00+00:00,148.29800415039062,148.30099487304688,147.68800354003906,148.1280059814453,0
2023-12-01 12:00:00+00:00,148.1320037841797,148.3470001220703,147.33399963378906,147.58700561523438,0
2023-12-01 16:00:00+00:00,147.58399963378906,147.8470001220703,146.65699768066406,146.8459930419922,0
2023-12-01 20:00:00+00:00,146.8470001220703,146.89999389648438,146.75900268554688,146.76100158691406,0
2023-12-04 00:00:00+00:00,146.36099243164062,146.7480010986328,146.22000122070312,146.73399353027344,0
2023-12-04 04:00:00+00:00,146.73300170898438,146.9770050048828,146.5760040283203,146.96800231933594,0
2023-12-04 08:00:00+00:00,146.96200561523438,147.11199951171875,146.45599365234375,146.5399932861328,0
2023-12-04 12:00:00+00:00,146.53900146484375,147.16299438476562,146.46600341796875,147.10000610351562,0
2023-12-04 16:00:00+00:00,147.10299682617188,147.4510040283203,146.947998046875,147.29200744628906,0
2023-12-04 20:00:00+00:00,147.29400634765625,147.35400390625,147.08399963378906,147.33299255371094,0
2023-12-05 00:00:00+00:00,147.30099487304688,147.38099670410156,146.9669952392578,147.16600036621094,0
2023-12-05 04:00:00+00:00,147.16700744628906,147.18099975585938,146.74200439453125,146.8350067138672,0
2023-12-05 08:00:00+00:00,146.83299255371094,147.1820068359375,146.67599487304688,147.01800537109375,0
2023-12-05 12:00:00+00:00,147.02099609375,147.2760009765625,146.5570068359375,147.10299682617188,0
2023-12-05 16:00:00+00:00,147.10499572753906,147.38999938964844,146.97799682617188,147.2550048828125,0
2023-12-05 20:00:00+00:00,147.25100708007812,147.27699279785156,146.9969940185547,147.1790008544922,0
2023-12-06 00:00:00+00:00,147.18299865722656,147.39700317382812,147.08399963378906,147.2689971923828,0
2023-12-06 04:00:00+00:00,147.27000427246094,147.32200622558594,146.92799377441406,146.96400451660156,0
2023-12-06 08:00:00+00:00,146.96400451660156,147.49899291992188,146.89100646972656,147.39500427246094,0
2023-12-06 12:00:00+00:00,147.3979949951172,147.42599487304688,146.9969940185547,147.218994140625,0
2023-12-06 16:00:00+00:00,147.218994140625,147.3800048828125,147.093994140625,147.34500122070312,0
2023-12-06 20:00:00+00:00,147.3459930419922,147.41200256347656,147.13900756835938,147.14100646972656,0
2023-12-07 00:00:00+00:00,147.17599487304688,147.2100067138672,146.6840057373047,146.85800170898438,0
2023-12-07 04:00:00+00:00,146.86000061035156,146.89700317382812,145.51600646972656,145.71200561523438,0
2023-12-07 08:00:00+00:00,145.70799255371094,145.71600341796875,144.5399932861328,145.02200317382812,0
2023-12-07 12:00:00+00:00,145.0240020751953,145.302001953125,143.93600463867188,144.03199768066406,0
2023-12-07 16:00:00+00:00,144.02999877929688,144.3159942626953,141.61500549316406,143.45799255371094,0
2023-12-07 20:00:00+00:00,143.4550018310547,144.31900024414062,143.43299865722656,144.28399658203125,0
2023-12-08 00:00:00+00:00,144.23599243164062,144.28900146484375,142.49200439453125,143.7760009765625,0
2023-12-08 04:00:00+00:00,143.7760009765625,144.39500427246094,143.58299255371094,144.09100341796875,0
2023-12-08 08:00:00+00:00,144.09100341796875,144.66799926757812,143.71600341796875,144.44200134277344,0
2023-12-08 12:00:00+00:00,144.4409942626953,145.21600341796875,143.7519989013672,144.50399780273438,0
2023-12-08 16:00:00+00:00,144.50599670410156,144.9770050048828,144.38600158691406,144.96099853515625,0
2023-12-08 20:00:00+00:00,144.96499633789062,145.0,144.86399841308594,144.91799926757812,0
2023-12-11 00:00:00+00:00,144.98500061035156,145.57200622558594,144.86399841308594,145.42100524902344,0
2023-12-11 04:00:00+00:00,145.42100524902344,146.45399475097656,145.32000732421875,146.3800048828125,0
2023-12-11 08:00:00+00:00,146.3769989013672,146.45799255371094,145.96800231933594,146.156005859375,0
2023-12-11 12:00:00+00:00,146.156005859375,146.50100708007812,146.04800415039062,146.41900634765625,0
2023-12-11 16:00:00+00:00,146.4149932861328,146.58900451660156,146.0679931640625,146.1510009765625,0
2023-12-11 20:00:00+00:00,146.15199279785156,146.24899291992188,146.06900024414062,146.07899475097656,0
2023-12-12 00:00:00+00:00,146.04400634765625,146.1230010986328,145.531005859375,145.59800720214844,0
2023-12-12 04:00:00+00:00,145.5959930419922,145.6820068359375,145.21800231933594,145.44400024414062,0
2023-12-12 08:00:00+00:00,145.44000244140625,145.6280059814453,145.0540008544922,145.17599487304688,0
2023-12-12 12:00:00+00:00,145.18099975585938,145.8520050048828,144.7270050048828,145.64599609375,0
2023-12-12 16:00:00+00:00,145.64199829101562,145.7310028076172,145.3990020751953,145.59500122070312,0
2023-12-12 20:00:00+00:00,145.593994140625,145.6179962158203,145.17599487304688,145.29600524902344,0
2023-12-13 00:00:00+00:00,145.29299926757812,145.66299438476562,145.26100158691406,145.62100219726562,0
2023-12-13 04:00:00+00:00,145.62100219726562,145.9929962158203,145.48500061035156,145.81300354003906,0
2023-12-13 08:00:00+00:00,145.80799865722656,145.95399475097656,145.59500122070312,145.6230010986328,0
2023-12-13 12:00:00+00:00,145.6179962158203,145.73300170898438,145.03599548339844,145.156005859375,0
2023-12-13 16:00:00+00:00,145.1529998779297,145.2740020751953,142.8769989013672,143.14500427246094,0
2023-12-13 20:00:00+00:00,143.14500427246094,143.27200317382812,142.07000732421875,142.82000732421875,0
2023-12-14 00:00:00+00:00,142.78399658203125,142.90899658203125,140.95399475097656,141.406005859375,0
2023-12-14 04:00:00+00:00,141.4040069580078,142.17599487304688,141.3459930419922,142.00999450683594,0
2023-12-14 08:00:00+00:00,142.00799560546875,142.0540008544922,141.2270050048828,141.4199981689453,0
2023-12-14 12:00:00+00:00,141.41700744628906,142.28399658203125,141.34800720214844,141.6790008544922,0
2023-12-14 16:00:00+00:00,141.67999267578125,142.01100158691406,141.39500427246094,141.92100524902344,0
2023-12-14 20:00:00+00:00,141.9199981689453,142.30799865722656,141.76300048828125,142.2899932861328,0
2023-12-15 00:00:00+00:00,142.27699279785156,142.46400451660156,141.78599548339844,141.88999938964844,0
2023-12-15 04:00:00+00:00,141.89500427246094,142.13299560546875,141.56199645996094,141.96800231933594,0
2023-12-15 08:00:00+00:00,141.97000122070312,142.05999755859375,141.46600341796875,141.74400329589844,0
2023-12-15 12:00:00+00:00,141.7449951171875,142.45199584960938,141.42599487304688,141.74099731445312,0
2023-12-15 16:00:00+00:00,141.74400329589844,142.30999755859375,141.656005859375,142.1739959716797,0
2023-12-15 20:00:00+00:00,142.17999267578125,142.3000030517578,142.02999877929688,142.14599609375,0
2023-12-18 00:00:00+00:00,142.32400512695312,142.46099853515625,142.0679931640625,142.17100524902344,0
2023-12-18 04:00:00+00:00,142.1699981689453,142.4149932861328,142.11599731445312,142.38499450683594,0
2023-12-18 08:00:00+00:00,142.37899780273438,142.82899475097656,142.23599243164062,142.7469940185547,0
2023-12-18 12:00:00+00:00,142.74400329589844,143.1580047607422,142.6750030517578,143.11500549316406,0
2023-12-18 16:00:00+00:00,143.11199951171875,143.11599731445312,142.8350067138672,142.88299560546875,0
2023-12-18 20:00:00+00:00,142.88499450683594,142.9600067138672,142.64100646972656,142.66299438476562,0
2023-12-19 00:00:00+00:00,142.68800354003906,143.78599548339844,142.24200439453125,143.51600646972656,0
2023-12-19 04:00:00+00:00,143.51800537109375,144.26499938964844,142.47999572753906,144.15499877929688,0
2023-12-19 08:00:00+00:00,144.156005859375,144.9550018310547,144.14199829101562,144.79100036621094,0
2023-12-19 12:00:00+00:00,144.79200744628906,144.7969970703125,143.6820068359375,143.80599975585938,0
2023-12-19 16:00:00+00:00,143.8040008544922,143.9239959716797,143.5260009765625,143.90899658203125,0
2023-12-19 20:00:00+00:00,143.90499877929688,143.9669952392578,143.73699951171875,143.88900756835938,0
2023-12-20 00:00:00+00:00,143.9219970703125,144.0989990234375,143.63400268554688,143.69400024414062,0
2023-12-20 04:00:00+00:00,143.68899536132812,143.76600646972656,143.3040008544922,143.54299926757812,0
2023-12-20 08:00:00+00:00,143.54200744628906,143.64599609375,143.25799560546875,143.36900329589844,0
2023-12-20 12:00:00+00:00,143.36599731445312,143.71299743652344,143.302001953125,143.67999267578125,0
2023-12-20 16:00:00+00:00,143.68299865722656,143.93800354003906,143.656005859375,143.802001953125,0
2023-12-20 20:00:00+00:00,143.80099487304688,143.87600708007812,143.3780059814453,143.4980010986328,0
2023-12-21 00:00:00+00:00,143.52499389648438,143.5679931640625,142.802001953125,142.91200256347656,0
2023-12-21 04:00:00+00:00,142.91000366210938,143.28700256347656,142.82000732421875,143.2570037841797,0
2023-12-21 08:00:00+00:00,143.2570037841797,143.39599609375,142.63999938964844,142.72799682617188,0
2023-12-21 12:00:00+00:00,142.72799682617188,143.0189971923828,142.07200622558594,142.16400146484375,0
2023-12-21 16:00:00+00:00,142.16400146484375,142.43800354003906,142.0399932861328,142.23399353027344,0
2023-12-21 20:00:00+00:00,142.23300170898438,142.29800415039062,142.0070037841797,142.0500030517578,0
2023-12-22 00:00:00+00:00,142.07000732421875,142.55099487304688,141.85899353027344,142.5330047607422,0
2023-12-22 04:00:00+00:00,142.531005859375,142.55799865722656,142.12399291992188,142.23199462890625,0
2023-12-22 08:00:00+00:00,142.2310028076172,142.37600708007812,141.9199981689453,141.9969940185547,0
2023-12-22 12:00:00+00:00,141.9969940185547,142.4709930419922,141.88499450683594,142.36300659179688,0
2023-12-22 16:00:00+00:00,142.36599731445312,142.66200256347656,142.32699584960938,142.49200439453125,0
2023-12-22 20:00:00+00:00,142.49099731445312,142.552001953125,142.39100646972656,142.4550018310547,0
2023-12-25 00:00:00+00:00,142.44700622558594,142.49400329589844,142.11199951171875,142.11300659179688,0
2023-12-25 04:00:00+00:00,142.11300659179688,142.5189971923828,142.08700561523438,142.41299438476562,0
2023-12-25 08:00:00+00:00,142.35400390625,142.38600158691406,142.31100463867188,142.36099243164062,0
2023-12-25 16:00:00+00:00,142.36399841308594,142.4250030517578,142.32000732421875,142.3679962158203,0
2023-12-25 20:00:00+00:00,142.35899353027344,142.41200256347656,142.1300048828125,142.24000549316406,0
2023-12-26 00:00:00+00:00,142.23800659179688,142.3520050048828,142.08399963378906,142.19900512695312,0
2023-12-26 04:00:00+00:00,142.1959991455078,142.39700317382812,142.18099975585938,142.3260040283203,0
2023-12-26 08:00:00+00:00,142.32699584960938,142.52699279785156,142.31100463867188,142.37600708007812,0
2023-12-26 12:00:00+00:00,142.37399291992188,142.60299682617188,142.23300170898438,142.59500122070312,0
2023-12-26 16:00:00+00:00,142.5989990234375,142.63400268554688,142.3939971923828,142.47300720214844,0
2023-12-26 20:00:00+00:00,142.4759979248047,142.4810028076172,142.29400634765625,142.46800231933594,0
2023-12-27 00:00:00+00:00,142.48599243164062,142.84800720214844,142.43099975585938,142.5659942626953,0
2023-12-27 04:00:00+00:00,142.56399536132812,142.83799743652344,142.5279998779297,142.78500366210938,0
2023-12-27 08:00:00+00:00,142.77999877929688,142.80799865722656,142.44200134277344,142.53799438476562,0
2023-12-27 12:00:00+00:00,142.55499267578125,142.6490020751953,142.19500732421875,142.2050018310547,0
2023-12-27 16:00:00+00:00,142.20700073242188,142.23899841308594,141.54600524902344,141.88499450683594,0
2023-12-27 20:00:00+00:00,141.88499450683594,141.8979949951172,141.37600708007812,141.41200256347656,0
2023-12-28 00:00:00+00:00,141.43600463867188,141.67300415039062,141.16600036621094,141.3070068359375,0
2023-12-28 04:00:00+00:00,141.30799865722656,141.322998046875,140.70599365234375,140.81700134277344,0
2023-12-28 08:00:00+00:00,140.8159942626953,141.07400512695312,140.64599609375,140.81300354003906,0
2023-12-28 12:00:00+00:00,140.81700134277344,141.13800048828125,140.24400329589844,140.8820037841797,0
2023-12-28 16:00:00+00:00,140.8800048828125,141.58399963378906,140.8560028076172,141.4550018310547,0
2023-12-28 20:00:00+00:00,141.4510040283203,141.46099853515625,141.24600219726562,141.43499755859375,0
2023-12-29 00:00:00+00:00,141.4340057373047,141.66600036621094,141.33799743652344,141.47999572753906,0
2023-12-29 04:00:00+00:00,141.4810028076172,141.49000549316406,141.13400268554688,141.41099548339844,0
2023-12-29 08:00:00+00:00,141.4080047607422,141.91299438476562,141.3260040283203,141.54400634765625,0
2023-12-29 12:00:00+00:00,141.54100036621094,141.8820037841797,140.8939971923828,140.99400329589844,0
2023-12-29 16:00:00+00:00,140.9949951171875,141.11300659179688,140.79400634765625,141.02200317382812,0
2023-12-29 20:00:00+00:00,141.02200317382812,141.08399963378906,140.92999267578125,140.97999572753906,0
2024-01-01 16:00:00+00:00,140.83999633789062,140.91400146484375,140.7790069580078,140.8419952392578,0
2024-01-01 20:00:00+00:00,140.8419952392578,141.1280059814453,140.7969970703125,141.11900329589844,0
2024-01-02 00:00:00+00:00,141.10899353027344,141.6699981689453,141.09300231933594,141.5019989013672,0
2024-01-02 04:00:00+00:00,141.5030059814453,141.60499572753906,141.33399963378906,141.5449981689453,0
2024-01-02 08:00:00+00:00,141.54100036621094,141.88800048828125,141.28799438476562,141.822998046875,0
2024-01-02 12:00:00+00:00,141.8249969482422,142.21600341796875,141.49099731445312,141.9250030517578,0
2024-01-02 16:00:00+00:00,141.927001953125,142.00100708007812,141.70899963378906,141.94400024414062,0
2024-01-02 20:00:00+00:00,141.94700622558594,142.16900634765625,141.80099487304688,142.16400146484375,0
2024-01-03 00:00:00+00:00,142.1739959716797,142.1739959716797,141.85400390625,141.88600158691406,0
2024-01-03 04:00:00+00:00,141.88699340820312,142.46800231933594,141.85400390625,142.41799926757812,0
2024-01-03 08:00:00+00:00,142.41799926757812,142.97999572753906,142.3939971923828,142.93600463867188,0
2024-01-03 12:00:00+00:00,142.9320068359375,143.72799682617188,142.78599548339844,143.6009979248047,0
2024-01-03 16:00:00+00:00,143.5959930419922,143.73599243164062,143.13400268554688,143.23699951171875,0
2024-01-03 20:00:00+00:00,143.23500061035156,143.30799865722656,142.9459991455078,142.98800659179688,0
2024-01-04 00:00:00+00:00,142.99200439453125,143.48800659179688,142.85000610351562,143.33999633789062,0
2024-01-04 04:00:00+00:00,143.34300231933594,143.90199279785156,143.1739959716797,143.37399291992188,0
2024-01-04 08:00:00+00:00,143.3730010986328,144.2949981689453,143.35800170898438,144.25399780273438,0
2024-01-04 12:00:00+00:00,144.2550048828125,144.85000610351562,144.0570068359375,144.65699768066406,0
2024-01-04 16:00:00+00:00,144.66299438476562,144.71099853515625,144.45700073242188,144.57899475097656,0
2024-01-04 20:00:00+00:00,144.5780029296875,144.77499389648438,144.50999450683594,144.75999450683594,0
2024-01-05 00:00:00+00:00,144.77200317382812,144.95399475097656,144.656005859375,144.9250030517578,0
2024-01-05 04:00:00+00:00,144.9239959716797,145.3679962158203,144.65499877929688,145.07200622558594,0
2024-01-05 08:00:00+00:00,145.0760040283203,145.37600708007812,144.84800720214844,145.26800537109375,0
2024-01-05 12:00:00+00:00,145.26699829101562,145.9759979248047,143.80099487304688,144.125,0
2024-01-05 16:00:00+00:00,144.1269989013672,144.8939971923828,144.06199645996094,144.66000366210938,0
2024-01-05 20:00:00+00:00,144.66299438476562,144.78900146484375,144.52000427246094,144.60299682617188,0
2024-01-08 00:00:00+00:00,144.71800231933594,144.7969970703125,144.30799865722656,144.48899841308594,0
2024-01-08 04:00:00+00:00,144.48800659179688,144.53799438476562,144.0850067138672,144.4149932861328,0
2024-01-08 08:00:00+00:00,144.41700744628906,144.61099243164062,144.1820068359375,144.57400512695312,0
2024-01-08 12:00:00+00:00,144.5780029296875,144.68299865722656,143.85000610351562,143.93099975585938,0
2024-01-08 16:00:00+00:00,143.93499755859375,144.1820068359375,143.656005859375,144.0989990234375,0
2024-01-08 20:00:00+00:00,144.11000061035156,144.27999877929688,144.0659942626953,144.1999969482422,0
2024-01-09 00:00:00+00:00,144.2239990234375,144.25799560546875,143.41600036621094,143.6199951171875,0
2024-01-09 04:00:00+00:00,143.62100219726562,144.15199279785156,143.56700134277344,144.05799865722656,0
2024-01-09 08:00:00+00:00,144.06300354003906,144.3159942626953,143.73699951171875,144.07200622558594,0
2024-01-09 12:00:00+00:00,144.0679931640625,144.36300659179688,143.6479949951172,144.3090057373047,0
2024-01-09 16:00:00+00:00,144.30999755859375,144.6230010986328,144.23899841308594,144.54600524902344,0
2024-01-09 20:00:00+00:00,144.54200744628906,144.5469970703125,144.30999755859375,144.43699645996094,0
2024-01-10 00:00:00+00:00,144.42799377441406,144.93600463867188,144.41299438476562,144.8459930419922,0
2024-01-10 04:00:00+00:00,144.8470001220703,145.1510009765625,144.66400146484375,144.93600463867188,0
2024-01-10 08:00:00+00:00,144.9409942626953,145.12899780273438,144.75799560546875,144.99000549316406,0
2024-01-10 12:00:00+00:00,144.99400329589844,145.67599487304688,144.9759979248047,145.60899353027344,0
2024-01-10 16:00:00+00:00,145.61300659179688,145.82699584960938,145.50999450683594,145.68800354003906,0
2024-01-10 20:00:00+00:00,145.69000244140625,145.83299255371094,145.5780029296875,145.75399780273438,0
2024-01-11 00:00:00+00:00,145.7239990234375,145.8040008544922,145.2989959716797,145.31100463867188,0
2024-01-11 04:00:00+00:00,145.30799865722656,145.54400634765625,145.2740020751953,145.40699768066406,0
2024-01-11 08:00:00+00:00,145.406005859375,145.59300231933594,145.3260040283203,145.39500427246094,0
2024-01-11 12:00:00+00:00,145.39100646972656,146.4149932861328,144.96800231933594,145.947998046875,0
2024-01-11 16:00:00+00:00,145.9499969482422,146.18899536132812,145.43699645996094,145.48399353027344,0
2024-01-11 20:00:00+00:00,145.48300170898438,145.5469970703125,144.9340057373047,145.0850067138672,0
2024-01-12 00:00:00+00:00,145.0959930419922,145.40499877929688,144.83900451660156,144.91600036621094,0
2024-01-12 04:00:00+00:00,144.91200256347656,145.28599548339844,144.89300537109375,145.1479949951172,0
2024-01-12 08:00:00+00:00,145.14599609375,145.27999877929688,144.86199951171875,145.23500061035156,0
2024-01-12 12:00:00+00:00,145.23399353027344,145.5260009765625,144.3489990234375,144.70899963378906,0
2024-01-12 16:00:00+00:00,144.70799255371094,145.02000427246094,144.55999755859375,144.8699951171875,0
2024-01-12 20:00:00+00:00,144.86599731445312,144.94400024414062,144.76199340820312,144.9040069580078,0
2024-01-15 00:00:00+00:00,145.14599609375,145.23300170898438,144.9290008544922,145.1320037841797,0
2024-01-15 04:00:00+00:00,145.1280059814453,145.5540008544922,145.093994140625,145.44400024414062,0
2024-01-15 08:00:00+00:00,145.44900512695312,145.82400512695312,145.31199645996094,145.66799926757812,0
2024-01-15 12:00:00+00:00,145.66900634765625,145.9409942626953,145.66200256347656,145.79100036621094,0
2024-01-15 16:00:00+00:00,145.78900146484375,145.85800170898438,145.6750030517578,145.7899932861328,0
2024-01-15 20:00:00+00:00,145.78900146484375,145.8679962158203,145.66900634765625,145.78399658203125,0
2024-01-16 00:00:00+00:00,145.7899932861328,146.1959991455078,145.5800018310547,146.0970001220703,0
2024-01-16 04:00:00+00:00,146.0959930419922,146.27200317382812,145.99099731445312,146.15699768066406,0
2024-01-16 08:00:00+00:00,146.1580047607422,146.74899291992188,146.0,146.60000610351562,0
2024-01-16 12:00:00+00:00,146.60299682617188,146.7949981689453,146.281005859375,146.70399475097656,0
2024-01-16 16:00:00+00:00,146.6999969482422,147.31100463867188,146.69200134277344,147.24899291992188,0
2024-01-16 20:00:00+00:00,147.25,147.29200744628906,147.04400634765625,147.2429962158203,0
2024-01-17 00:00:00+00:00,147.24200439453125,147.48699951171875,147.0919952392578,147.3300018310547,0
2024-01-17 04:00:00+00:00,147.3300018310547,147.9669952392578,147.27999877929688,147.8719940185547,0
2024-01-17 08:00:00+00:00,147.8679962158203,147.92799377441406,147.55999755859375,147.66099548339844,0
2024-01-17 12:00:00+00:00,147.65699768066406,148.5240020751953,147.58099365234375,148.44200134277344,0
2024-01-17 16:00:00+00:00,148.447998046875,148.52000427246094,148.16000366210938,148.2689971923828,0
2024-01-17 20:00:00+00:00,148.26300048828125,148.29200744628906,148.0229949951172,148.13400268554688,0
2024-01-18 00:00:00+00:00,148.13400268554688,148.2519989013672,147.86399841308594,148.0189971923828,0
2024-01-18 04:00:00+00:00,148.01600646972656,148.06500244140625,147.68299865722656,147.78700256347656,0
2024-01-18 08:00:00+00:00,147.78399658203125,147.96200561523438,147.64999389648438,147.81700134277344,0
2024-01-18 12:00:00+00:00,147.82000732421875,148.3000030517578,147.75,148.1750030517578,0
2024-01-18 16:00:00+00:00,148.17599487304688,148.26199340820312,147.9980010986328,148.22300720214844,0
2024-01-18 20:00:00+00:00,148.22500610351562,148.27699279785156,148.0279998779297,148.13800048828125,0
2024-01-19 00:00:00+00:00,148.1219940185547,148.47300720214844,147.93499755859375,148.21800231933594,0
2024-01-19 04:00:00+00:00,148.2220001220703,148.8040008544922,148.18800354003906,148.27200317382812,0
2024-01-19 08:00:00+00:00,148.27099609375,148.35400390625,147.83399963378906,147.9770050048828,0
2024-01-19 12:00:00+00:00,147.9739990234375,148.53199768066406,147.9550018310547,148.1009979248047,0
2024-01-19 16:00:00+00:00,148.10000610351562,148.3090057373047,148.01699829101562,148.18899536132812,0
2024-01-19 20:00:00+00:00,148.18699645996094,148.20199584960938,148.0749969482422,148.1280059814453,0
2024-01-22 00:00:00+00:00,148.12399291992188,148.22999572753906,147.72799682617188,147.91299438476562,0
2024-01-22 04:00:00+00:00,147.91700744628906,148.1320037841797,147.82699584960938,148.0330047607422,0
2024-01-22 08:00:00+00:00,148.03599548339844,148.3040008544922,147.8520050048828,147.87899780273438,0
2024-01-22 12:00:00+00:00,147.88400268554688,147.95399475097656,147.61399841308594,147.843994140625,0
2024-01-22 16:00:00+00:00,147.84500122070312,148.14500427246094,147.84100341796875,148.03199768066406,0
2024-01-22 20:00:00+00:00,148.02999877929688,148.14999389648438,147.89700317382812,148.1320037841797,0
2024-01-23 00:00:00+00:00,148.13999938964844,148.552001953125,147.8459930419922,147.89100646972656,0
2024-01-23 04:00:00+00:00,147.89100646972656,148.20799255371094,146.9669952392578,147.58299255371094,0
2024-01-23 08:00:00+00:00,147.58200073242188,148.15499877929688,147.25,148.0229949951172,0
2024-01-23 12:00:00+00:00,148.02200317382812,148.54100036621094,147.8699951171875,148.47999572753906,0
2024-01-23 16:00:00+00:00,148.4759979248047,148.6959991455078,148.29100036621094,148.37899780273438,0
2024-01-23 20:00:00+00:00,148.37600708007812,148.41200256347656,148.20599365234375,148.2519989013672,0
2024-01-24 00:00:00+00:00,148.2480010986328,148.25999450683594,147.75999450683594,147.8000030517578,0
2024-01-24 04:00:00+00:00,147.8040008544922,148.01600646972656,147.697998046875,147.7899932861328,0
2024-01-24 08:00:00+00:00,147.7899932861328,147.7949981689453,147.37399291992188,147.51400756835938,0
2024-01-24 12:00:00+00:00,147.51499938964844,147.5189971923828,146.6439971923828,146.9409942626953,0
2024-01-24 16:00:00+00:00,146.94200134277344,147.593994140625,146.88299560546875,147.56199645996094,0
2024-01-24 20:00:00+00:00,147.5590057373047,147.63900756835938,147.37100219726562,147.5780029296875,0
2024-01-25 00:00:00+00:00,147.58299255371094,147.85400390625,147.5399932861328,147.65199279785156,0
2024-01-25 04:00:00+00:00,147.6529998779297,147.8800048828125,147.52999877929688,147.66900634765625,0
2024-01-25 08:00:00+00:00,147.6699981689453,147.84300231933594,147.4709930419922,147.51400756835938,0
2024-01-25 12:00:00+00:00,147.51199340820312,147.95799255371094,147.07699584960938,147.5780029296875,0
2024-01-25 16:00:00+00:00,147.5760040283203,147.9010009765625,147.5019989013672,147.83799743652344,0
2024-01-25 20:00:00+00:00,147.83700561523438,147.84800720214844,147.4949951171875,147.72900390625,0
2024-01-26 00:00:00+00:00,147.71600341796875,147.8489990234375,147.4759979248047,147.66400146484375,0
2024-01-26 04:00:00+00:00,147.66299438476562,147.8820037841797,147.6439971923828,147.77099609375,0
2024-01-26 08:00:00+00:00,147.76600646972656,148.08900451660156,147.5919952392578,147.71499633789062,0
2024-01-26 12:00:00+00:00,147.71099853515625,148.1649932861328,147.39300537109375,148.07699584960938,0
2024-01-26 16:00:00+00:00,148.0760040283203,148.20899963378906,147.87899780273438,148.09800720214844,0
2024-01-26 20:00:00+00:00,148.09800720214844,148.16799926757812,148.04400634765625,148.13999938964844,0
2024-01-29 00:00:00+00:00,148.17799377441406,148.33299255371094,148.0229949951172,148.13600158691406,0
2024-01-29 04:00:00+00:00,148.13600158691406,148.13699340820312,147.7469940185547,147.80099487304688,0
2024-01-29 08:00:00+00:00,147.79800415039062,147.927001953125,147.70599365234375,147.8719940185547,0
2024-01-29 12:00:00+00:00,147.8699951171875,148.09100341796875,147.6179962158203,147.66400146484375,0
2024-01-29 16:00:00+00:00,147.66299438476562,147.74000549316406,147.5800018310547,147.6490020751953,0
2024-01-29 20:00:00+00:00,147.64999389648438,147.64999389648438,147.2480010986328,147.49099731445312,0
2024-01-30 00:00:00+00:00,147.48500061035156,147.48899841308594,147.18800354003906,147.39300537109375,0
2024-01-30 04:00:00+00:00,147.3939971923828,147.4080047607422,147.156005859375,147.22000122070312,0
2024-01-30 08:00:00+00:00,147.2239990234375,147.552001953125,147.20399475097656,147.37899780273438,0
2024-01-30 12:00:00+00:00,147.38099670410156,147.89100646972656,147.093994140625,147.84500122070312,0
2024-01-30 16:00:00+00:00,147.8470001220703,147.927001953125,147.5760040283203,147.6020050048828,0
2024-01-30 20:00:00+00:00,147.5989990234375,147.66600036621094,147.35499572753906,147.36000061035156,0
2024-01-31 00:00:00+00:00,147.33299255371094,147.7480010986328,147.18600463867188,147.72999572753906,0
2024-01-31 04:00:00+00:00,147.72999572753906,147.8979949951172,147.572998046875,147.65699768066406,0
2024-01-31 08:00:00+00:00,147.6529998779297,147.88400268554688,147.39999389648438,147.843994140625,0
2024-01-31 12:00:00+00:00,147.84300231933594,147.88499450683594,146.13499450683594,146.17799377441406,0
2024-01-31 16:00:00+00:00,146.1790008544922,146.87899780273438,146.0050048828125,146.375,0
2024-01-31 20:00:00+00:00,146.375,147.44500732421875,146.302001953125,147.03500366210938,0
2024-02-01 00:00:00+00:00,147.00799560546875,147.08099365234375,146.47000122070312,146.70199584960938,0
2024-02-01 04:00:00+00:00,146.70399475097656,147.0489959716797,146.61399841308594,146.802001953125,0
2024-02-01 08:00:00+00:00,146.80599975585938,146.91200256347656,146.5850067138672,146.8419952392578,0
2024-02-01 12:00:00+00:00,146.83799743652344,147.11399841308594,146.24400329589844,146.30999755859375,0
2024-02-01 16:00:00+00:00,146.31100463867188,146.4810028076172,145.89100646972656,146.26699829101562,0
2024-02-01 20:00:00+00:00,146.27000427246094,146.51300048828125,146.25399780273438,146.447998046875,0
2024-02-02 00:00:00+00:00,146.45899963378906,146.49400329589844,146.23699951171875,146.375,0
2024-02-02 04:00:00+00:00,146.37399291992188,146.63800048828125,146.31399536132812,146.6230010986328,0
2024-02-02 08:00:00+00:00,146.6219940185547,146.79800415039062,146.45899963378906,146.531005859375,0
2024-02-02 12:00:00+00:00,146.53900146484375,148.343994140625,146.5070037841797,148.27699279785156,0
2024-02-02 16:00:00+00:00,148.27699279785156,148.58399963378906,148.19200134277344,148.32699584960938,0
2024-02-02 20:00:00+00:00,148.32200622558594,148.406005859375,148.24200439453125,148.3350067138672,0
2024-02-05 00:00:00+00:00,148.5070037841797,148.8209991455078,148.3489990234375,148.40199279785156,0
2024-02-05 04:00:00+00:00,148.39999389648438,148.5030059814453,148.26199340820312,148.4770050048828,0
2024-02-05 08:00:00+00:00,148.47799682617188,148.6060028076172,148.3040008544922,148.4320068359375,0
2024-02-05 12:00:00+00:00,148.43499755859375,148.87600708007812,148.38800048828125,148.87399291992188,0
2024-02-05 16:00:00+00:00,148.8719940185547,148.89500427246094,148.5,148.69700622558594,0
2024-02-05 20:00:00+00:00,148.6959991455078,148.76600646972656,148.593994140625,148.6510009765625,0
2024-02-06 00:00:00+00:00,148.66000366210938,148.6719970703125,148.46200561523438,148.6280059814453,0
2024-02-06 04:00:00+00:00,148.62899780273438,148.63099670410156,148.35499572753906,148.50999450683594,0
2024-02-06 08:00:00+00:00,148.50900268554688,148.78900146484375,148.49000549316406,148.6790008544922,0
2024-02-06 12:00:00+00:00,148.677001953125,148.78500366210938,147.99600219726562,148.09300231933594,0
2024-02-06 16:00:00+00:00,148.08999633789062,148.18899536132812,147.7969970703125,147.96600341796875,0
2024-02-06 20:00:00+00:00,147.96200561523438,147.96400451660156,147.73399353027344,147.81700134277344,0
2024-02-07 00:00:00+00:00,147.8179931640625,147.99000549316406,147.70599365234375,147.8979949951172,0
2024-02-07 04:00:00+00:00,147.8979949951172,148.06199645996094,147.7469940185547,147.8209991455078,0
2024-02-07 08:00:00+00:00,147.81900024414062,148.15699768066406,147.80799865722656,148.08200073242188,0
2024-02-07 12:00:00+00:00,148.0800018310547,148.25799560546875,147.6179962158203,147.9429931640625,0
2024-02-07 16:00:00+00:00,147.94200134277344,148.19000244140625,147.8699951171875,148.1320037841797,0
2024-02-07 20:00:00+00:00,148.13400268554688,148.19900512695312,147.99099731445312,148.0800018310547,0
2024-02-08 00:00:00+00:00,148.08200073242188,148.4029998779297,147.9250030517578,148.34800720214844,0
2024-02-08 04:00:00+00:00,148.3520050048828,148.80999755859375,148.32400512695312,148.73399353027344,0
2024-02-08 08:00:00+00:00,148.72799682617188,149.2519989013672,148.64100646972656,149.15699768066406,0
2024-02-08 12:00:00+00:00,149.16099548339844,149.47900390625,149.08200073242188,149.43099975585938,0
2024-02-08 16:00:00+00:00,149.43099975585938,149.45599365234375,149.1179962158203,149.38900756835938,0
2024-02-08 20:00:00+00:00,149.38699340820312,149.39500427246094,149.2209930419922,149.27099609375,0
2024-02-09 00:00:00+00:00,149.25599670410156,149.49000549316406,149.22999572753906,149.43099975585938,0
2024-02-09 04:00:00+00:00,149.43299865722656,149.46600341796875,149.21200561523438,149.39599609375,0
2024-02-09 08:00:00+00:00,149.39700317382812,149.5749969482422,149.25599670410156,149.3990020751953,0
2024-02-09 12:00:00+00:00,149.3979949951172,149.53599548339844,149.0019989013672,149.322998046875,0
2024-02-09 16:00:00+00:00,149.3179931640625,149.4149932861328,149.27000427246094,149.35400390625,0
2024-02-09 20:00:00+00:00,149.35299682617188,149.36599731445312,149.23699951171875,149.25799560546875,0
2024-02-12 00:00:00+00:00,149.1790008544922,149.2519989013672,149.10400390625,149.24600219726562,0
2024-02-12 04:00:00+00:00,149.24899291992188,149.2530059814453,149.04200744628906,149.0970001220703,0
2024-02-12 08:00:00+00:00,149.09300231933594,149.19400024414062,148.98399353027344,149.0229949951172,0
2024-02-12 12:00:00+00:00,149.02099609375,149.4759979248047,148.9219970703125,149.45899963378906,0
2024-02-12 16:00:00+00:00,149.45599365234375,149.4810028076172,149.23500061035156,149.41099548339844,0
2024-02-12 20:00:00+00:00,149.41299438476562,149.41600036621094,149.25999450683594,149.39999389648438,0
2024-02-13 00:00:00+00:00,149.4040069580078,149.53399658203125,149.2779998779297,149.5290069580078,0
2024-02-13 04:00:00+00:00,149.52999877929688,149.6510009765625,149.44200134277344,149.58799743652344,0
2024-02-13 08:00:00+00:00,149.58599853515625,149.69400024414062,149.3719940185547,149.37899780273438,0
2024-02-13 12:00:00+00:00,149.3769989013672,150.60800170898438,149.2239990234375,150.59100341796875,0
2024-02-13 16:00:00+00:00,150.58799743652344,150.88499450683594,150.51800537109375,150.8699951171875,0
2024-02-13 20:00:00+00:00,150.86900329589844,150.87600708007812,150.54400634765625,150.72799682617188,0
2024-02-14 00:00:00+00:00,150.7209930419922,150.7760009765625,150.49400329589844,150.51400756835938,0
2024-02-14 04:00:00+00:00,150.51600646972656,150.55299377441406,150.33900451660156,150.44900512695312,0
2024-02-14 08:00:00+00:00,150.4510040283203,150.6840057373047,150.39199829101562,150.5760040283203,0
2024-02-14 12:00:00+00:00,150.572998046875,150.75100708007812,150.48699951171875,150.61300659179688,0
2024-02-14 16:00:00+00:00,150.61700439453125,150.6230010986328,150.3459930419922,150.5590057373047,0
2024-02-14 20:00:00+00:00,150.55999755859375,150.625,150.41400146484375,150.56399536132812,0
2024-02-15 00:00:00+00:00,150.5540008544922,150.5590057373047,150.13600158691406,150.2689971923828,0
2024-02-15 04:00:00+00:00,150.2689971923828,150.27200317382812,150.0500030517578,150.20199584960938,0
2024-02-15 08:00:00+00:00,150.20399475097656,150.21800231933594,149.91900634765625,150.0709991455078,0
2024-02-15 12:00:00+00:00,150.07400512695312,150.13499450683594,149.52200317382812,150.052001953125,0
2024-02-15 16:00:00+00:00,150.0500030517578,150.2480010986328,149.8509979248047,149.9550018310547,0
2024-02-15 20:00:00+00:00,149.95399475097656,150.00799560546875,149.8179931640625,149.9459991455078,0
2024-02-16 00:00:00+00:00,149.95799255371094,150.36599731445312,149.9219970703125,150.30999755859375,0
2024-02-16 04:00:00+00:00,150.30999755859375,150.3489990234375,150.13400268554688,150.23300170898438,0
2024-02-16 08:00:00+00:00,150.23500061035156,150.3070068359375,150.13900756835938,150.1790008544922,0
2024-02-16 12:00:00+00:00,150.177001953125,150.64599609375,150.10699462890625,150.2429962158203,0
2024-02-16 16:00:00+00:00,150.24000549316406,150.3939971923828,150.08200073242188,150.22999572753906,0
2024-02-16 20:00:00+00:00,150.2310028076172,150.28799438476562,150.156005859375,150.1750030517578,0
2024-02-19 00:00:00+00:00,150.14599609375,150.15199279785156,149.8730010986328,149.93600463867188,0
2024-02-19 04:00:00+00:00,149.93499755859375,150.03900146484375,149.927001953125,149.9720001220703,0
2024-02-19 08:00:00+00:00,149.9770050048828,150.00399780273438,149.88800048828125,149.98699951171875,0
2024-02-19 12:00:00+00:00,149.98599243164062,150.16299438476562,149.93299865722656,150.15699768066406,0
2024-02-19 16:00:00+00:00,150.16200256347656,150.19200134277344,150.125,150.13600158691406,0
2024-02-19 20:00:00+00:00,150.13299560546875,150.302001953125,150.07400512695312,150.25799560546875,0
2024-02-20 00:00:00+00:00,150.27099609375,150.3679962158203,150.18800354003906,150.31900024414062,0
2024-02-20 04:00:00+00:00,150.31900024414062,150.43699645996094,150.28799438476562,150.3560028076172,0
2024-02-20 08:00:00+00:00,150.35899353027344,150.38800048828125,150.1020050048828,150.2259979248047,0
2024-02-20 12:00:00+00:00,150.2220001220703,150.22799682617188,149.6790008544922,149.78500366210938,0
2024-02-20 16:00:00+00:00,149.78599548339844,150.0290069580078,149.73800659179688,150.0229949951172,0
2024-02-20 20:00:00+00:00,150.02200317382812,150.0709991455078,149.88099670410156,149.95899963378906,0
2024-02-21 00:00:00+00:00,149.96299743652344,150.09100341796875,149.84800720214844,149.8679962158203,0
2024-02-21 04:00:00+00:00,149.8699951171875,150.14999389648438,149.86300659179688,150.14599609375,0
2024-02-21 08:00:00+00:00,150.14199829101562,150.18800354003906,149.9759979248047,150.0679931640625,0
2024-02-21 12:00:00+00:00,150.06700134277344,150.26300048828125,149.92799377441406,150.2480010986328,0
2024-02-21 16:00:00+00:00,150.2480010986328,150.39300537109375,150.12100219726562,150.19700622558594,0
2024-02-21 20:00:00+00:00,150.19500732421875,150.38099670410156,150.1699981689453,150.34300231933594,0
2024-02-22 00:00:00+00:00,150.33700561523438,150.4600067138672,150.29200744628906,150.4239959716797,0
2024-02-22 04:00:00+00:00,150.4250030517578,150.45199584960938,150.0780029296875,150.1320037841797,0
2024-02-22 08:00:00+00:00,150.13299560546875,150.2899932861328,150.01199340820312,150.21499633789062,0
2024-02-22 12:00:00+00:00,150.21200561523438,150.64599609375,150.20199584960938,150.50599670410156,0
2024-02-22 16:00:00+00:00,150.5030059814453,150.68899536132812,150.4720001220703,150.55099487304688,0
2024-02-22 20:00:00+00:00,150.55099487304688,150.57000732421875,150.4429931640625,150.4739990234375,0
2024-02-23 00:00:00+00:00,150.47000122070312,150.55999755859375,150.3679962158203,150.48399353027344,0
2024-02-23 04:00:00+00:00,150.47900390625,150.6510009765625,150.45399475097656,150.5570068359375,0
2024-02-23 08:00:00+00:00,150.55599975585938,150.77000427246094,150.52200317382812,150.6529998779297,0
2024-02-23 12:00:00+00:00,150.64999389648438,150.656005859375,150.31500244140625,150.52499389648438,0
2024-02-23 16:00:00+00:00,150.5240020751953,150.53900146484375,150.2899932861328,150.45700073242188,0
2024-02-23 20:00:00+00:00,150.45700073242188,150.5449981689453,150.43699645996094,150.44000244140625,0
2024-02-26 00:00:00+00:00,150.50100708007812,150.50100708007812,150.28799438476562,150.4720001220703,0
2024-02-26 04:00:00+00:00,150.4739990234375,150.5189971923828,150.36199951171875,150.4550018310547,0
2024-02-26 08:00:00+00:00,150.447998046875,150.69700622558594,150.40199279785156,150.68600463867188,0
2024-02-26 12:00:00+00:00,150.6840057373047,150.80799865722656,150.52200317382812,150.7449951171875,0
2024-02-26 16:00:00+00:00,150.74400329589844,150.83799743652344,150.718994140625,150.76400756835938,0
2024-02-26 20:00:00+00:00,150.76400756835938,150.76600646972656,150.4980010986328,150.5570068359375,0
2024-02-27 00:00:00+00:00,150.57000732421875,150.60899353027344,150.41799926757812,150.4199981689453,0
2024-02-27 04:00:00+00:00,150.41900634765625,150.53700256347656,150.3179931640625,150.35299682617188,0
2024-02-27 08:00:00+00:00,150.35000610351562,150.3769989013672,150.11300659179688,150.3090057373047,0
2024-02-27 12:00:00+00:00,150.31199645996094,150.54800415039062,150.0679931640625,150.43499755859375,0
2024-02-27 16:00:00+00:00,150.43299865722656,150.58299255371094,150.29600524902344,150.5260009765625,0
2024-02-27 20:00:00+00:00,150.53199768066406,150.53500366210938,150.4409942626953,150.5019989013672,0
2024-02-28 00:00:00+00:00,150.51100158691406,150.5399932861328,150.3679962158203,150.53199768066406,0
2024-02-28 04:00:00+00:00,150.53199768066406,150.75100708007812,150.51199340820312,150.73899841308594,0
2024-02-28 08:00:00+00:00,150.74099731445312,150.7969970703125,150.6060028076172,150.62899780273438,0
2024-02-28 12:00:00+00:00,150.63299560546875,150.843994140625,150.52200317382812,150.81199645996094,0
2024-02-28 16:00:00+00:00,150.80799865722656,150.81700134277344,150.63800048828125,150.6959991455078,0
2024-02-28 20:00:00+00:00,150.69500732421875,150.7239990234375,150.52699279785156,150.65199279785156,0
2024-02-29 00:00:00+00:00,150.656005859375,150.656005859375,149.70799255371094,149.81199645996094,0
2024-02-29 04:00:00+00:00,149.81100463867188,150.10800170898438,149.6199951171875,149.66600036621094,0
2024-02-29 08:00:00+00:00,149.66400146484375,150.1060028076172,149.60800170898438,149.9709930419922,0
2024-02-29 12:00:00+00:00,149.9709930419922,150.14999389648438,149.20399475097656,149.64300537109375,0
2024-02-29 16:00:00+00:00,149.64500427246094,150.04600524902344,149.63400268554688,149.96600341796875,0
2024-02-29 20:00:00+00:00,149.96499633789062,150.1790008544922,149.8979949951172,150.08799743652344,0
2024-03-01 00:00:00+00:00,150.06399536132812,150.41299438476562,150.05499267578125,150.32400512695312,0
2024-03-01 04:00:00+00:00,150.3249969482422,150.49899291992188,150.31900024414062,150.49400329589844,0
2024-03-01 08:00:00+00:00,150.4980010986328,150.68600463867188,150.302001953125,150.38699340820312,0
2024-03-01 12:00:00+00:00,150.38400268554688,150.72000122070312,150.08099365234375,150.1219940185547,0
2024-03-01 16:00:00+00:00,150.1219940185547,150.26800537109375,150.04800415039062,150.11500549316406,0
2024-03-01 20:00:00+00:00,150.11300659179688,150.16400146484375,150.05099487304688,150.06399536132812,0
2024-03-04 00:00:00+00:00,150.12600708007812,150.20899963378906,149.83599853515625,150.16000366210938,0
2024-03-04 04:00:00+00:00,150.1580047607422,150.39999389648438,150.13699340820312,150.30799865722656,0
2024-03-04 08:00:00+00:00,150.30799865722656,150.46600341796875,150.16900634765625,150.42300415039062,0
2024-03-04 12:00:00+00:00,150.41900634765625,150.57000732421875,150.30799865722656,150.48500061035156,0
2024-03-04 16:00:00+00:00,150.47999572753906,150.56300354003906,150.42999267578125,150.55299377441406,0
2024-03-04 20:00:00+00:00,150.55099487304688,150.5590057373047,150.3780059814453,150.46400451660156,0
2024-03-05 00:00:00+00:00,150.4530029296875,150.53799438476562,150.34800720214844,150.5,0
2024-03-05 04:00:00+00:00,150.4949951171875,150.54600524902344,150.3459930419922,150.42100524902344,0
2024-03-05 08:00:00+00:00,150.41799926757812,150.48500061035156,150.33999633789062,150.41200256347656,0
2024-03-05 12:00:00+00:00,150.41600036621094,150.4409942626953,149.6999969482422,149.97999572753906,0
2024-03-05 16:00:00+00:00,149.98199462890625,150.2259979248047,149.92300415039062,149.93099975585938,0
2024-03-05 20:00:00+00:00,149.93299865722656,150.0800018310547,149.81100463867188,150.0279998779297,0
2024-03-06 00:00:00+00:00,150.04800415039062,150.08399963378906,149.88900756835938,149.97799682617188,0
2024-03-06 04:00:00+00:00,149.9739990234375,150.02200317382812,149.32200622558594,149.53399658203125,0
2024-03-06 08:00:00+00:00,149.53500366210938,149.86500549316406,149.5260009765625,149.70799255371094,0
2024-03-06 12:00:00+00:00,149.70700073242188,149.74200439453125,149.25799560546875,149.36500549316406,0
2024-03-06 16:00:00+00:00,149.36199951171875,149.447998046875,149.08900451660156,149.34100341796875,0
2024-03-06 20:00:00+00:00,149.343994140625,149.4720001220703,149.1909942626953,149.26100158691406,0
2024-03-07 00:00:00+00:00,149.26100158691406,149.26100158691406,148.5540008544922,148.66200256347656,0
2024-03-07 04:00:00+00:00,148.6649932861328,148.68099975585938,147.9320068359375,147.93499755859375,0
2024-03-07 08:00:00+00:00,147.9409942626953,148.11000061035156,147.76499938964844,147.8350067138672,0
2024-03-07 12:00:00+00:00,147.83599853515625,148.2989959716797,147.58200073242188,148.13400268554688,0
2024-03-07 16:00:00+00:00,148.13999938964844,148.23399353027344,147.88600158691406,147.99899291992188,0
2024-03-07 20:00:00+00:00,148.0019989013672,148.11000061035156,147.8209991455078,147.85800170898438,0
2024-03-08 00:00:00+00:00,147.86399841308594,148.11700439453125,147.51800537109375,147.81500244140625,0
2024-03-08 04:00:00+00:00,147.8090057373047,148.0449981689453,147.77000427246094,147.8820037841797,0
2024-03-08 08:00:00+00:00,147.8800048828125,147.968994140625,146.87399291992188,147.0989990234375,0
2024-03-08 12:00:00+00:00,147.09800720214844,147.49600219726562,146.47799682617188,147.0290069580078,0
2024-03-08 16:00:00+00:00,147.0279998779297,147.25799560546875,146.98599243164062,147.0469970703125,0
2024-03-08 20:00:00+00:00,147.0469970703125,147.11099243164062,147.02000427246094,147.02000427246094,0
2024-03-11 00:00:00+00:00,146.79200744628906,147.08799743652344,146.52999877929688,146.93099975585938,0
2024-03-11 04:00:00+00:00,146.9320068359375,147.08200073242188,146.7270050048828,146.7469940185547,0
2024-03-11 08:00:00+00:00,146.74600219726562,146.85699462890625,146.48300170898438,146.64199829101562,0
2024-03-11 12:00:00+00:00,146.64199829101562,147.14700317382812,146.61599731445312,146.85699462890625,0
2024-03-11 16:00:00+00:00,146.86000061035156,147.0540008544922,146.73899841308594,146.96499633789062,0
2024-03-11 20:00:00+00:00,146.96400451660156,146.97999572753906,146.7100067138672,146.7310028076172,0
2024-03-12 00:00:00+00:00,146.73699951171875,147.4320068359375,146.61300659179688,147.38999938964844,0
2024-03-12 04:00:00+00:00,147.38900756835938,147.593994140625,147.20399475097656,147.33399963378906,0
2024-03-12 08:00:00+00:00,147.33299255371094,147.5679931640625,147.2779998779297,147.43299865722656,0
2024-03-12 12:00:00+00:00,147.43600463867188,148.18600463867188,147.06300354003906,147.697998046875,0
2024-03-12 16:00:00+00:00,147.69200134277344,147.79600524902344,147.63900756835938,147.67999267578125,0
2024-03-12 20:00:00+00:00,147.677001953125,147.69200134277344,147.54200744628906,147.63900756835938,0
2024-03-13 00:00:00+00:00,147.61599731445312,147.63499450683594,147.22799682617188,147.3800048828125,0
2024-03-13 04:00:00+00:00,147.37899780273438,147.7899932861328,147.3719940185547,147.67799377441406,0
2024-03-13 08:00:00+00:00,147.677001953125,148.0469970703125,147.63600158691406,147.96800231933594,0
2024-03-13 12:00:00+00:00,147.9720001220703,148.01400756835938,147.67999267578125,147.73399353027344,0
2024-03-13 16:00:00+00:00,147.73699951171875,147.8560028076172,147.45799255371094,147.83900451660156,0
2024-03-13 20:00:00+00:00,147.8419952392578,147.8509979248047,147.5780029296875,147.63600158691406,0
2024-03-14 00:00:00+00:00,147.58900451660156,147.92599487304688,147.52499389648438,147.8560028076172,0
2024-03-14 04:00:00+00:00,147.85400390625,147.9720001220703,147.80799865722656,147.86599731445312,0
2024-03-14 08:00:00+00:00,147.86300659179688,147.91600036621094,147.66400146484375,147.6999969482422,0
2024-03-14 12:00:00+00:00,147.697998046875,148.32000732421875,147.42799377441406,148.18899536132812,0
2024-03-14 16:00:00+00:00,148.18899536132812,148.35800170898438,148.09800720214844,148.23500061035156,0
2024-03-14 20:00:00+00:00,148.23500061035156,148.33599853515625,148.2030029296875,148.29800415039062,0
2024-03-15 00:00:00+00:00,148.2989959716797,148.65899658203125,148.26300048828125,148.37100219726562,0
2024-03-15 04:00:00+00:00,148.3730010986328,148.60299682617188,148.0279998779297,148.5709991455078,0
2024-03-15 08:00:00+00:00,148.56700134277344,148.83099365234375,148.56700134277344,148.64599609375,0
2024-03-15 12:00:00+00:00,148.6510009765625,149.14199829101562,148.6179962158203,149.13600158691406,0
2024-03-15 16:00:00+00:00,149.13600158691406,149.16400146484375,148.97000122070312,149.072998046875,0
2024-03-15 20:00:00+00:00,149.07400512695312,149.0989990234375,148.98399353027344,149.0330047607422,0
2024-03-18 00:00:00+00:00,148.9550018310547,149.3300018310547,148.9040069580078,149.09100341796875,0
2024-03-18 04:00:00+00:00,149.08900451660156,149.31100463867188,149.06399536132812,149.1179962158203,0
2024-03-18 08:00:00+00:00,149.12100219726562,149.2449951171875,149.01199340820312,149.0279998779297,0
2024-03-18 12:00:00+00:00,149.0290069580078,149.30099487304688,149.0070037841797,149.13099670410156,0
2024-03-18 16:00:00+00:00,149.13299560546875,149.21099853515625,148.9530029296875,149.18699645996094,0
2024-03-18 20:00:00+00:00,149.18699645996094,149.19200134277344,149.02699279785156,149.156005859375,0
2024-03-19 00:00:00+00:00,149.14999389648438,149.92100524902344,148.98800659179688,149.69700622558594,0
2024-03-19 04:00:00+00:00,149.6999969482422,150.48599243164062,149.66700744628906,150.25799560546875,0
2024-03-19 08:00:00+00:00,150.2570037841797,150.7010040283203,150.1929931640625,150.38400268554688,0
2024-03-19 12:00:00+00:00,150.38499450683594,150.85299682617188,150.33799743652344,150.73199462890625,0
2024-03-19 16:00:00+00:00,150.72900390625,150.96200561523438,150.70799255371094,150.89100646972656,0
2024-03-19 20:00:00+00:00,150.88999938964844,151.06500244140625,150.75599670410156,151.04600524902344,0
2024-03-20 00:00:00+00:00,151.0189971923828,151.34100341796875,150.9980010986328,151.31199645996094,0
2024-03-20 04:00:00+00:00,151.3159942626953,151.5850067138672,151.30999755859375,151.48699951171875,0
2024-03-20 08:00:00+00:00,151.48300170898438,151.76499938964844,151.41799926757812,151.70700073242188,0
2024-03-20 12:00:00+00:00,151.70700073242188,151.81700134277344,151.5279998779297,151.66099548339844,0
2024-03-20 16:00:00+00:00,151.656005859375,151.70899963378906,150.71200561523438,151.20199584960938,0
2024-03-20 20:00:00+00:00,151.2030029296875,151.4040069580078,150.67599487304688,150.73199462890625,0
2024-03-21 00:00:00+00:00,150.73599243164062,150.8679962158203,150.25900268554688,150.48599243164062,0
2024-03-21 04:00:00+00:00,150.48699951171875,151.2270050048828,150.44500732421875,151.218994140625,0
2024-03-21 08:00:00+00:00,151.22000122070312,151.45599365234375,150.86700439453125,151.11099243164062,0
2024-03-21 12:00:00+00:00,151.1060028076172,151.6699981689453,151.00999450683594,151.59300231933594,0
2024-03-21 16:00:00+00:00,151.5919952392578,151.7530059814453,151.56700134277344,151.6820068359375,0
2024-03-21 20:00:00+00:00,151.68099975585938,151.69900512695312,151.5399932861328,151.64500427246094,0
2024-03-22 00:00:00+00:00,151.63299560546875,151.86199951171875,151.41799926757812,151.56700134277344,0
2024-03-22 04:00:00+00:00,151.56700134277344,151.6060028076172,151.25399780273438,151.41799926757812,0
2024-03-22 08:00:00+00:00,151.41799926757812,151.65199279785156,151.302001953125,151.46600341796875,0
2024-03-22 12:00:00+00:00,151.4669952392578,151.49000549316406,150.9980010986328,151.343994140625,0
2024-03-22 16:00:00+00:00,151.3489990234375,151.48399353027344,151.3280029296875,151.4250030517578,0
2024-03-22 20:00:00+00:00,151.4239959716797,151.4510040283203,151.33799743652344,151.4290008544922,0
2024-03-25 00:00:00+00:00,151.31199645996094,151.4239959716797,151.04800415039062,151.2310028076172,0
2024-03-25 04:00:00+00:00,151.2310028076172,151.38600158691406,151.16600036621094,151.322998046875,0
2024-03-25 08:00:00+00:00,151.322998046875,151.44000244140625,151.21800231933594,151.2949981689453,0
2024-03-25 12:00:00+00:00,151.29100036621094,151.43099975585938,151.1219940185547,151.41900634765625,0
2024-03-25 16:00:00+00:00,151.41900634765625,151.5449981689453,151.41400146484375,151.44400024414062,0
2024-03-25 20:00:00+00:00,151.44400024414062,151.46800231933594,151.35299682617188,151.3699951171875,0
2024-03-26 00:00:00+00:00,151.3769989013672,151.44400024414062,151.21499633789062,151.4029998779297,0
2024-03-26 04:00:00+00:00,151.40199279785156,151.4239959716797,151.25999450683594,151.31900024414062,0
2024-03-26 08:00:00+00:00,151.31700134277344,151.39199829101562,151.20199584960938,151.38800048828125,0
2024-03-26 12:00:00+00:00,151.38800048828125,151.60299682617188,151.29600524902344,151.58299255371094,0
2024-03-26 16:00:00+00:00,151.5800018310547,151.58599853515625,151.43800354003906,151.57899475097656,0
2024-03-26 20:00:00+00:00,151.57899475097656,151.58299255371094,151.49200439453125,151.53199768066406,0
2024-03-27 00:00:00+00:00,151.51699829101562,151.9709930419922,151.44200134277344,151.6959991455078,0
2024-03-27 04:00:00+00:00,151.69700622558594,151.8070068359375,151.58799743652344,151.7050018310547,0
2024-03-27 08:00:00+00:00,151.7050018310547,151.83900451660156,151.02200317382812,151.23199462890625,0
2024-03-27 12:00:00+00:00,151.23199462890625,151.37899780273438,151.16200256347656,151.34300231933594,0
2024-03-27 16:00:00+00:00,151.34300231933594,151.4250030517578,151.2740020751953,151.322998046875,0
2024-03-27 20:00:00+00:00,151.31900024414062,151.4029998779297,151.21099853515625,151.2899932861328,0
2024-03-28 00:00:00+00:00,151.2899932861328,151.54400634765625,151.2550048828125,151.3560028076172,0
2024-03-28 04:00:00+00:00,151.36000061035156,151.4499969482422,151.2480010986328,151.43499755859375,0
2024-03-28 08:00:00+00:00,151.43600463867188,151.5019989013672,151.3280029296875,151.36900329589844,0
2024-03-28 12:00:00+00:00,151.3679962158203,151.39999389648438,151.1439971923828,151.33599853515625,0
2024-03-28 16:00:00+00:00,151.33900451660156,151.42300415039062,151.23899841308594,151.38900756835938,0
2024-03-28 20:00:00+00:00,151.38299560546875,151.47000122070312,151.30599975585938,151.4459991455078,0
2024-03-29 00:00:00+00:00,151.44000244140625,151.49600219726562,151.16900634765625,151.28700256347656,0
2024-03-29 04:00:00+00:00,151.28399658203125,151.4739990234375,151.2570037841797,151.3419952392578,0
2024-03-29 08:00:00+00:00,151.3419952392578,151.36700439453125,151.2779998779297,151.34100341796875,0
2024-03-29 12:00:00+00:00,151.3350067138672,151.36700439453125,151.16000366210938,151.2259979248047,0
2024-03-29 16:00:00+00:00,151.2209930419922,151.39100646972656,151.20399475097656,151.3070068359375,0
2024-03-29 20:00:00+00:00,151.33099365234375,151.37600708007812,151.27999877929688,151.30299377441406,0
2024-03-31 23:00:00+00:00,151.35299682617188,151.42999267578125,151.24600219726562,151.31399536132812,0
2024-04-01 03:00:00+00:00,151.3159942626953,151.41000366210938,151.2989959716797,151.36700439453125,0
2024-04-01 07:00:00+00:00,151.36399841308594,151.4010009765625,151.3209991455078,151.36399841308594,0
2024-04-01 11:00:00+00:00,151.36599731445312,151.75799560546875,151.3459930419922,151.69400024414062,0
2024-04-01 15:00:00+00:00,151.69500732421875,151.77200317382812,151.57200622558594,151.65199279785156,0
2024-04-01 19:00:00+00:00,151.6529998779297,151.67799377441406,151.58700561523438,151.60400390625,0
2024-04-01 23:00:00+00:00,151.6060028076172,151.7830047607422,151.4969940185547,151.67799377441406,0
2024-04-02 03:00:00+00:00,151.67999267578125,151.80099487304688,151.64999389648438,151.67999267578125,0
2024-04-02 07:00:00+00:00,151.68099975585938,151.75399780273438,151.552001953125,151.69400024414062,0
2024-04-02 11:00:00+00:00,151.6929931640625,151.71600341796875,151.4600067138672,151.57699584960938,0
2024-04-02 15:00:00+00:00,151.57899475097656,151.61900329589844,151.5019989013672,151.59500122070312,0
2024-04-02 19:00:00+00:00,151.593994140625,151.61099243164062,151.48500061035156,151.5500030517578,0
2024-04-02 23:00:00+00:00,151.552001953125,151.63900756835938,151.43699645996094,151.58299255371094,0
2024-04-03 03:00:00+00:00,151.58099365234375,151.68099975585938,151.52999877929688,151.6649932861328,0
2024-04-03 07:00:00+00:00,151.66700744628906,151.8000030517578,151.66400146484375,151.70599365234375,0
2024-04-03 11:00:00+00:00,151.7100067138672,151.9530029296875,151.64300537109375,151.78599548339844,0
2024-04-03 15:00:00+00:00,151.78500366210938,151.8260040283203,151.57200622558594,151.6699981689453,0
2024-04-03 19:00:00+00:00,151.6699981689453,151.70700073242188,151.56300354003906,151.58900451660156,0
2024-04-03 23:00:00+00:00,151.5850067138672,151.71200561523438,151.53399658203125,151.70799255371094,0
2024-04-04 03:00:00+00:00,151.7050018310547,151.72300720214844,151.59500122070312,151.69000244140625,0
2024-04-04 07:00:00+00:00,151.6840057373047,151.75999450683594,151.6719970703125,151.6999969482422,0
2024-04-04 11:00:00+00:00,151.69400024414062,151.77000427246094,151.5,151.66299438476562,0
2024-04-04 15:00:00+00:00,151.66200256347656,151.7030029296875,151.1439971923828,151.1999969482422,0
2024-04-04 19:00:00+00:00,151.20199584960938,151.3509979248047,151.11599731445312,151.29600524902344,0
2024-04-04 23:00:00+00:00,151.3070068359375,151.33799743652344,150.8070068359375,151.17999267578125,0
2024-04-05 03:00:00+00:00,151.18099975585938,151.29299926757812,151.08799743652344,151.26100158691406,0
2024-04-05 07:00:00+00:00,151.25999450683594,151.4510040283203,151.16299438476562,151.33999633789062,0
2024-04-05 11:00:00+00:00,151.33200073242188,151.75,151.26199340820312,151.52200317382812,0
2024-04-05 15:00:00+00:00,151.52099609375,151.66600036621094,151.52099609375,151.54800415039062,0
2024-04-05 19:00:00+00:00,151.5489959716797,151.6490020751953,151.53900146484375,151.60899353027344,0
2024-04-07 23:00:00+00:00,151.68899536132812,151.79800415039062,151.64100646972656,151.76699829101562,0
2024-04-08 03:00:00+00:00,151.77000427246094,151.83399963378906,151.74200439453125,151.75999450683594,0
2024-04-08 07:00:00+00:00,151.7550048828125,151.91900634765625,151.7519989013672,151.85299682617188,0
2024-04-08 11:00:00+00:00,151.84800720214844,151.94400024414062,151.71600341796875,151.81100463867188,0
2024-04-08 15:00:00+00:00,151.8090057373047,151.85000610351562,151.71400451660156,151.77200317382812,0
2024-04-08 19:00:00+00:00,151.77099609375,151.86700439453125,151.7429962158203,151.8350067138672,0
2024-04-08 23:00:00+00:00,151.8040008544922,151.92100524902344,151.78500366210938,151.875,0
2024-04-09 03:00:00+00:00,151.86900329589844,151.9219970703125,151.83999633789062,151.91400146484375,0
2024-04-09 07:00:00+00:00,151.91299438476562,151.93600463867188,151.72500610351562,151.79299926757812,0
2024-04-09 11:00:00+00:00,151.79100036621094,151.8459930419922,151.56399536132812,151.6510009765625,0
2024-04-09 15:00:00+00:00,151.65199279785156,151.74899291992188,151.6269989013672,151.73500061035156,0
2024-04-09 19:00:00+00:00,151.73899841308594,151.78799438476562,151.6840057373047,151.7449951171875,0
2024-04-09 23:00:00+00:00,151.7480010986328,151.78700256347656,151.67799377441406,151.7550048828125,0
2024-04-10 03:00:00+00:00,151.7519989013672,151.8209991455078,151.73199462890625,151.781005859375,0
2024-04-10 07:00:00+00:00,151.77999877929688,151.88600158691406,151.7760009765625,151.82899475097656,0
2024-04-10 11:00:00+00:00,151.8280029296875,152.7790069580078,151.76800537109375,152.77099609375,0
2024-04-10 15:00:00+00:00,152.77200317382812,152.98199462890625,152.63699340820312,152.96099853515625,0
2024-04-10 19:00:00+00:00,152.96200561523438,153.23800659179688,152.89199829101562,152.9239959716797,0
2024-04-10 23:00:00+00:00,152.91299438476562,153.00399780273438,152.7530059814453,152.8260040283203,0
2024-04-11 03:00:00+00:00,152.8260040283203,153.18800354003906,152.80799865722656,153.16400146484375,0
2024-04-11 07:00:00+00:00,153.16200256347656,153.2899932861328,153.04600524902344,153.0659942626953,0
2024-04-11 11:00:00+00:00,153.06900024414062,153.29800415039062,152.79200744628906,153.26800537109375,0
2024-04-11 15:00:00+00:00,153.26600646972656,153.3179931640625,153.08399963378906,153.24000549316406,0
2024-04-11 19:00:00+00:00,153.24200439453125,153.28399658203125,153.1529998779297,153.2239990234375,0
2024-04-11 23:00:00+00:00,153.22300720214844,153.3000030517578,152.9600067138672,153.1790008544922,0
2024-04-12 03:00:00+00:00,153.1820068359375,153.28799438476562,153.1280059814453,153.27099609375,0
2024-04-12 07:00:00+00:00,153.27000427246094,153.38600158691406,153.1999969482422,153.26600646972656,0
2024-04-12 11:00:00+00:00,153.26699829101562,153.29200744628906,152.58799743652344,152.927001953125,0
2024-04-12 15:00:00+00:00,152.9250030517578,153.2169952392578,152.8979949951172,153.21299743652344,0
2024-04-12 19:00:00+00:00,153.21400451660156,153.32699584960938,153.1790008544922,153.2429962158203,0
2024-04-14 23:00:00+00:00,153.2779998779297,153.74400329589844,153.2239990234375,153.70899963378906,0
2024-04-15 03:00:00+00:00,153.70899963378906,153.88800048828125,153.6490020751953,153.8719940185547,0
2024-04-15 07:00:00+00:00,153.8719940185547,153.97000122070312,153.6929931640625,153.927001953125,0
2024-04-15 11:00:00+00:00,153.927001953125,154.44500732421875,153.85499572753906,154.3300018310547,0
2024-04-15 15:00:00+00:00,154.32899475097656,154.34300231933594,154.11000061035156,154.20799255371094,0
2024-04-15 19:00:00+00:00,154.2050018310547,154.2740020751953,154.13999938964844,154.15699768066406,0
2024-04-15 23:00:00+00:00,154.17100524902344,154.4219970703125,154.1280059814453,154.3179931640625,0
2024-04-16 03:00:00+00:00,154.31700134277344,154.60499572753906,154.22799682617188,154.50999450683594,0
2024-04-16 07:00:00+00:00,154.50799560546875,154.6009979248047,154.36700439453125,154.59500122070312,0
2024-04-16 11:00:00+00:00,154.58999633789062,154.76699829101562,153.88999938964844,154.59100341796875,0
2024-04-16 15:00:00+00:00,154.58900451660156,154.78399658203125,154.4600067138672,154.64599609375,0
2024-04-16 19:00:00+00:00,154.64700317382812,154.75599670410156,154.60899353027344,154.70700073242188,0
2024-04-16 23:00:00+00:00,154.67799377441406,154.76300048828125,154.6060028076172,154.67799377441406,0
2024-04-17 03:00:00+00:00,154.67999267578125,154.71499633789062,154.4499969482422,154.4720001220703,0
2024-04-17 07:00:00+00:00,154.47300720214844,154.64700317382812,154.4669952392578,154.62600708007812,0
2024-04-17 11:00:00+00:00,154.62600708007812,154.71099853515625,154.52200317382812,154.65199279785156,0
2024-04-17 15:00:00+00:00,154.65199279785156,154.67300415039062,154.1540069580078,154.34800720214844,0
2024-04-17 19:00:00+00:00,154.3489990234375,154.4029998779297,154.24200439453125,154.2760009765625,0
2024-04-17 23:00:00+00:00,154.2760009765625,154.4080047607422,153.9510040283203,154.13099670410156,0
2024-04-18 03:00:00+00:00,154.1280059814453,154.34800720214844,154.06399536132812,154.27699279785156,0
2024-04-18 07:00:00+00:00,154.2760009765625,154.47900390625,154.18800354003906,154.4429931640625,0
2024-04-18 11:00:00+00:00,154.44200134277344,154.63999938964844,154.30999755859375,154.63299560546875,0
2024-04-18 15:00:00+00:00,154.63299560546875,154.67999267578125,154.54400634765625,154.59300231933594,0
2024-04-18 19:00:00+00:00,154.59500122070312,154.67799377441406,154.53199768066406,154.64100646972656,0
2024-04-18 23:00:00+00:00,154.6439971923828,154.67300415039062,153.58399963378906,153.89599609375,0
2024-04-19 03:00:00+00:00,153.89700317382812,154.4739990234375,153.89500427246094,154.4199981689453,0
2024-04-19 07:00:00+00:00,154.41600036621094,154.5760040283203,154.33799743652344,154.52999877929688,0
2024-04-19 11:00:00+00:00,154.5260009765625,154.63299560546875,154.45199584960938,154.5919952392578,0
2024-04-19 15:00:00+00:00,154.58900451660156,154.64100646972656,154.4600067138672,154.5749969482422,0
2024-04-19 19:00:00+00:00,154.572998046875,154.6540069580078,154.54800415039062,154.56199645996094,0
2024-04-21 23:00:00+00:00,154.6280059814453,154.73599243164062,154.53599548339844,154.6529998779297,0
2024-04-22 03:00:00+00:00,154.65199279785156,154.75999450683594,154.64999389648438,154.6739959716797,0
2024-04-22 07:00:00+00:00,154.6750030517578,154.77999877929688,154.58999633789062,154.74899291992188,0
2024-04-22 11:00:00+00:00,154.75399780273438,154.7779998779297,154.67999267578125,154.72900390625,0
2024-04-22 15:00:00+00:00,154.72799682617188,154.8489990234375,154.71400451660156,154.7969970703125,0
2024-04-22 19:00:00+00:00,154.79600524902344,154.8470001220703,154.76600646972656,154.81100463867188,0
2024-04-22 23:00:00+00:00,154.80499267578125,154.83900451660156,154.65199279785156,154.75999450683594,0
2024-04-23 03:00:00+00:00,154.76499938964844,154.79400634765625,154.71200561523438,154.75799560546875,0
2024-04-23 07:00:00+00:00,154.75599670410156,154.86199951171875,154.7519989013672,154.7969970703125,0
2024-04-23 11:00:00+00:00,154.7949981689453,154.875,154.5679931640625,154.79100036621094,0
2024-04-23 15:00:00+00:00,154.79400634765625,154.83799743652344,154.5500030517578,154.75599670410156,0
2024-04-23 19:00:00+00:00,154.75599670410156,154.8350067138672,154.72799682617188,154.7779998779297,0
2024-04-23 23:00:00+00:00,154.7779998779297,154.82400512695312,154.7259979248047,154.80999755859375,0
2024-04-24 03:00:00+00:00,154.80599975585938,154.94200134277344,154.79600524902344,154.9250030517578,0
2024-04-24 07:00:00+00:00,154.9239959716797,154.9709930419922,154.76400756835938,154.9290008544922,0
2024-04-24 11:00:00+00:00,154.93299865722656,155.1719970703125,154.75999450683594,155.0019989013672,0
2024-04-24 15:00:00+00:00,154.9980010986328,155.3719940185547,154.97000122070312,155.26199340820312,0
2024-04-24 19:00:00+00:00,155.26499938964844,155.3719940185547,155.1790008544922,155.22300720214844,0
2024-04-24 23:00:00+00:00,155.22500610351562,155.4510040283203,155.20399475097656,155.43099975585938,0
2024-04-25 03:00:00+00:00,155.42999267578125,155.74099731445312,155.41099548339844,155.66000366210938,0
2024-04-25 07:00:00+00:00,155.66299438476562,155.6929931640625,155.51100158691406,155.54299926757812,0
2024-04-25 11:00:00+00:00,155.54400634765625,155.7469940185547,155.30099487304688,155.56700134277344,0
2024-04-25 15:00:00+00:00,155.5659942626953,155.6439971923828,155.468994140625,155.5970001220703,0
2024-04-25 19:00:00+00:00,155.5959930419922,155.656005859375,155.51100158691406,155.57699584960938,0
2024-04-25 23:00:00+00:00,155.5659942626953,155.65899658203125,155.531005859375,155.56100463867188,0
2024-04-26 03:00:00+00:00,155.5570068359375,156.46299743652344,155.4080047607422,156.38600158691406,0
2024-04-26 07:00:00+00:00,156.3800048828125,156.8419952392578,154.96200561523438,156.8159942626953,0
2024-04-26 11:00:00+00:00,156.81199645996094,157.31100463867188,156.27000427246094,157.27099609375,0
2024-04-26 15:00:00+00:00,157.26199340820312,157.79100036621094,157.20199584960938,157.7259979248047,0
2024-04-26 19:00:00+00:00,157.72500610351562,158.43899536132812,157.6999969482422,158.29600524902344,0
2024-04-28 23:00:00+00:00,158.21800231933594,160.21600341796875,158.04600524902344,159.36900329589844,0
2024-04-29 03:00:00+00:00,159.36900329589844,159.593994140625,155.03199768066406,157.03199768066406,0
2024-04-29 07:00:00+00:00,157.0279998779297,157.1840057373047,154.48699951171875,155.88299560546875,0
2024-04-29 11:00:00+00:00,155.88299560546875,156.89199829101562,155.822998046875,156.67799377441406,0
2024-04-29 15:00:00+00:00,156.67999267578125,156.75,155.0780029296875,155.8090057373047,0
2024-04-29 19:00:00+00:00,155.81100463867188,156.36300659179688,155.8090057373047,156.27200317382812,0
2024-04-29 23:00:00+00:00,156.26100158691406,157.0,156.16000366210938,156.7209930419922,0
2024-04-30 03:00:00+00:00,156.71499633789062,156.88999938964844,156.69700622558594,156.8260040283203,0
2024-04-30 07:00:00+00:00,156.8249969482422,156.97799682617188,156.4720001220703,156.9219970703125,0
2024-04-30 11:00:00+00:00,156.91600036621094,157.53900146484375,156.81199645996094,157.33399963378906,0
2024-04-30 15:00:00+00:00,157.3300018310547,157.7310028076172,157.30999755859375,157.6999969482422,0
2024-04-30 19:00:00+00:00,157.6929931640625,157.8470001220703,157.61300659179688,157.7100067138672,0
2024-04-30 23:00:00+00:00,157.6959991455078,157.89300537109375,157.67300415039062,157.8769989013672,0
2024-05-01 03:00:00+00:00,157.88299560546875,157.97900390625,157.81199645996094,157.9709930419922,0
2024-05-01 07:00:00+00:00,157.96600341796875,157.98699951171875,157.85400390625,157.90899658203125,0
2024-05-01 11:00:00+00:00,157.9029998779297,157.9219970703125,157.38099670410156,157.66200256347656,0
2024-05-01 15:00:00+00:00,157.656005859375,157.75599670410156,156.9980010986328,157.11300659179688,0
2024-05-01 19:00:00+00:00,157.1230010986328,157.58599853515625,152.98599243164062,155.38999938964844,0
2024-05-01 23:00:00+00:00,155.42799377441406,156.2830047607422,155.1959991455078,155.8209991455078,0
2024-05-02 03:00:00+00:00,155.81700134277344,156.1009979248047,155.1580047607422,155.4340057373047,0
2024-05-02 07:00:00+00:00,155.44000244140625,155.55299377441406,155.01600646972656,155.09100341796875,0
2024-05-02 11:00:00+00:00,155.08999633789062,155.1719970703125,154.0399932861328,154.0679931640625,0
2024-05-02 15:00:00+00:00,154.0679931640625,154.14999389648438,153.05599975585938,153.05599975585938,0
2024-05-02 19:00:00+00:00,153.06700134277344,153.8209991455078,153.05299377441406,153.28399658203125,0
2024-05-02 23:00:00+00:00,153.2729949951172,153.4459991455078,152.7480010986328,153.03799438476562,0
2024-05-03 03:00:00+00:00,153.03399658203125,153.31300354003906,152.80599975585938,153.28599548339844,0
2024-05-03 07:00:00+00:00,153.2779998779297,153.33200073242188,152.947998046875,153.09800720214844,0
2024-05-03 11:00:00+00:00,153.0970001220703,153.30599975585938,151.85299682617188,152.89300537109375,0
2024-05-03 15:00:00+00:00,152.89100646972656,152.9810028076172,152.73399353027344,152.93499755859375,0
2024-05-03 19:00:00+00:00,152.93600463867188,153.00799560546875,152.83799743652344,152.94900512695312,0
2024-05-05 23:00:00+00:00,153.2259979248047,153.81199645996094,153.11599731445312,153.75599670410156,0
2024-05-06 03:00:00+00:00,153.7570037841797,154.0050048828125,153.6790008544922,153.68699645996094,0
2024-05-06 07:00:00+00:00,153.68499755859375,153.8780059814453,153.656005859375,153.8090057373047,0
2024-05-06 11:00:00+00:00,153.81100463867188,153.96400451660156,153.4080047607422,153.92599487304688,0
2024-05-06 15:00:00+00:00,153.9239959716797,154.00100708007812,153.81199645996094,153.90899658203125,0
2024-05-06 19:00:00+00:00,153.90699768066406,153.96299743652344,153.81900024414062,153.9550018310547,0
2024-05-06 23:00:00+00:00,153.95199584960938,154.5919952392578,153.87399291992188,154.5500030517578,0
2024-05-07 03:00:00+00:00,154.54800415039062,154.64999389648438,154.30999755859375,154.3470001220703,0
2024-05-07 07:00:00+00:00,154.34500122070312,154.63099670410156,153.9720001220703,154.4770050048828,0
2024-05-07 11:00:00+00:00,154.47500610351562,154.6300048828125,154.22999572753906,154.4149932861328,0
2024-05-07 15:00:00+00:00,154.41799926757812,154.74600219726562,154.35800170898438,154.74099731445312,0
2024-05-07 19:00:00+00:00,154.73800659179688,154.7449951171875,154.51499938964844,154.73199462890625,0
2024-05-07 23:00:00+00:00,154.74200439453125,155.26300048828125,154.6820068359375,155.16000366210938,0
2024-05-08 03:00:00+00:00,155.15899658203125,155.27699279785156,155.06300354003906,155.25900268554688,0
2024-05-08 07:00:00+00:00,155.25900268554688,155.50999450683594,155.19000244140625,155.37399291992188,0
2024-05-08 11:00:00+00:00,155.3769989013672,155.68600463867188,155.35000610351562,155.58700561523438,0
2024-05-08 15:00:00+00:00,155.58799743652344,155.6280059814453,155.34100341796875,155.61199951171875,0
2024-05-08 19:00:00+00:00,155.61300659179688,155.6580047607422,155.3939971923828,155.5760040283203,0
2024-05-08 23:00:00+00:00,155.58700561523438,155.697998046875,155.1439971923828,155.5959930419922,0
2024-05-09 03:00:00+00:00,155.5959930419922,155.8209991455078,155.5030059814453,155.7550048828125,0
2024-05-09 07:00:00+00:00,155.7550048828125,155.9510040283203,155.70799255371094,155.91200256347656,0
2024-05-09 11:00:00+00:00,155.91200256347656,155.947998046875,155.4239959716797,155.5570068359375,0
2024-05-09 15:00:00+00:00,155.55499267578125,155.72799682617188,155.4219970703125,155.4409942626953,0
2024-05-09 19:00:00+00:00,155.44200134277344,155.56900024414062,155.29100036621094,155.3489990234375,0
2024-05-09 23:00:00+00:00,155.35499572753906,155.7740020751953,155.2570037841797,155.75599670410156,0
2024-05-10 03:00:00+00:00,155.75799560546875,155.75799560546875,155.4949951171875,155.6699981689453,0
2024-05-10 07:00:00+00:00,155.66799926757812,155.7790069580078,155.60000610351562,155.74200439453125,0
2024-05-10 11:00:00+00:00,155.74000549316406,155.9029998779297,155.5970001220703,155.87399291992188,0
2024-05-10 15:00:00+00:00,155.87100219726562,155.89500427246094,155.7469940185547,155.8489990234375,0
2024-05-10 19:00:00+00:00,155.843994140625,155.8489990234375,155.7030029296875,155.7030029296875,0
2024-05-12 23:00:00+00:00,155.77699279785156,155.9600067138672,155.4929962158203,155.74400329589844,0
2024-05-13 03:00:00+00:00,155.74000549316406,155.92799377441406,155.70799255371094,155.84300231933594,0
2024-05-13 07:00:00+00:00,155.84500122070312,155.9219970703125,155.78399658203125,155.87399291992188,0
2024-05-13 11:00:00+00:00,155.875,155.93699645996094,155.67799377441406,155.9149932861328,0
2024-05-13 15:00:00+00:00,155.91799926757812,156.25100708007812,155.86900329589844,156.20199584960938,0
2024-05-13 19:00:00+00:00,156.1999969482422,156.24099731445312,156.093994140625,156.21200561523438,0
2024-05-13 23:00:00+00:00,156.218994140625,156.49600219726562,156.1739959716797,156.44000244140625,0
2024-05-14 03:00:00+00:00,156.44000244140625,156.54299926757812,156.36900329589844,156.44700622558594,0
2024-05-14 07:00:00+00:00,156.45199584960938,156.50900268554688,156.28399658203125,156.427001953125,0
2024-05-14 11:00:00+00:00,156.4250030517578,156.78500366210938,156.2239990234375,156.38900756835938,0
2024-05-14 15:00:00+00:00,156.39300537109375,156.54400634765625,156.37600708007812,156.4320068359375,0
2024-05-14 19:00:00+00:00,156.42999267578125,156.47999572753906,156.37600708007812,156.427001953125,0
2024-05-14 23:00:00+00:00,156.43299865722656,156.55999755859375,156.2969970703125,156.45599365234375,0
2024-05-15 03:00:00+00:00,156.4550018310547,156.46299743652344,156.16600036621094,156.2550048828125,0
2024-05-15 07:00:00+00:00,156.2449951171875,156.28399658203125,155.5679931640625,155.73199462890625,0
2024-05-15 11:00:00+00:00,155.73899841308594,155.8040008544922,154.74099731445312,155.3090057373047,0
2024-05-15 15:00:00+00:00,155.31199645996094,155.3520050048828,154.68800354003906,154.906005859375,0
2024-05-15 19:00:00+00:00,154.906005859375,155.02099609375,154.4949951171875,154.5590057373047,0
2024-05-15 23:00:00+00:00,154.5540008544922,154.677001953125,153.593994140625,154.00599670410156,0
2024-05-16 03:00:00+00:00,154.00100708007812,154.3800048828125,153.7969970703125,154.36300659179688,0
2024-05-16 07:00:00+00:00,154.35800170898438,154.80999755859375,154.27200317382812,154.6719970703125,0
2024-05-16 11:00:00+00:00,154.67599487304688,155.53700256347656,154.6020050048828,155.30099487304688,0
2024-05-16 15:00:00+00:00,155.29800415039062,155.3560028076172,155.1580047607422,155.32699584960938,0
2024-05-16 19:00:00+00:00,155.3260040283203,155.4320068359375,155.29400634765625,155.3800048828125,0
2024-05-16 23:00:00+00:00,155.3820037841797,155.927001953125,155.33799743652344,155.875,0
2024-05-17 03:00:00+00:00,155.87399291992188,155.89999389648438,155.5919952392578,155.64300537109375,0
2024-05-17 07:00:00+00:00,155.64599609375,155.9770050048828,155.61700439453125,155.83700561523438,0
2024-05-17 11:00:00+00:00,155.83900451660156,155.9199981689453,155.33799743652344,155.4010009765625,0
2024-05-17 15:00:00+00:00,155.4040069580078,155.68800354003906,155.2449951171875,155.6750030517578,0
2024-05-17 19:00:00+00:00,155.67599487304688,155.7220001220703,155.58200073242188,155.63600158691406,0
2024-05-19 23:00:00+00:00,155.697998046875,155.93499755859375,155.6790008544922,155.81300354003906,0
2024-05-20 03:00:00+00:00,155.81300354003906,155.8350067138672,155.63800048828125,155.73800659179688,0
2024-05-20 07:00:00+00:00,155.74099731445312,155.78500366210938,155.49200439453125,155.6999969482422,0
2024-05-20 11:00:00+00:00,155.70399475097656,156.2310028076172,155.67999267578125,156.06100463867188,0
2024-05-20 15:00:00+00:00,156.06300354003906,156.27000427246094,156.04400634765625,156.2689971923828,0
2024-05-20 19:00:00+00:00,156.26699829101562,156.3070068359375,156.13400268554688,156.26300048828125,0
2024-05-20 23:00:00+00:00,156.26300048828125,156.49600219726562,156.2519989013672,156.43299865722656,0
2024-05-21 03:00:00+00:00,156.4340057373047,156.5449981689453,156.09300231933594,156.2449951171875,0
2024-05-21 07:00:00+00:00,156.24600219726562,156.29400634765625,156.02000427246094,156.2169952392578,0
2024-05-21 11:00:00+00:00,156.21400451660156,156.43299865722656,155.83799743652344,155.94400024414062,0
2024-05-21 15:00:00+00:00,155.9459991455078,156.2519989013672,155.94200134277344,156.21299743652344,0
2024-05-21 19:00:00+00:00,156.2100067138672,156.25100708007812,156.05999755859375,156.17799377441406,0
2024-05-21 23:00:00+00:00,156.17999267578125,156.3489990234375,156.13400268554688,156.29600524902344,0
2024-05-22 03:00:00+00:00,156.29600524902344,156.4709930419922,156.27200317382812,156.3719940185547,0
2024-05-22 07:00:00+00:00,156.3719940185547,156.51699829101562,156.3699951171875,156.42100524902344,0
2024-05-22 11:00:00+00:00,156.42300415039062,156.61500549316406,156.3300018310547,156.52099609375,0
2024-05-22 15:00:00+00:00,156.52099609375,156.63800048828125,156.44200134277344,156.63099670410156,0
2024-05-22 19:00:00+00:00,156.6320037841797,156.8419952392578,156.62100219726562,156.7469940185547,0
2024-05-22 23:00:00+00:00,156.74000549316406,156.90199279785156,156.64199829101562,156.73199462890625,0
2024-05-23 03:00:00+00:00,156.72999572753906,156.78799438476562,156.572998046875,156.64199829101562,0
2024-05-23 07:00:00+00:00,156.64500427246094,156.79100036621094,156.5540008544922,156.70700073242188,0
2024-05-23 11:00:00+00:00,156.70799255371094,157.19400024414062,156.52000427246094,156.99000549316406,0
2024-05-23 15:00:00+00:00,156.9929962158203,157.14199829101562,156.822998046875,156.89199829101562,0
2024-05-23 19:00:00+00:00,156.89100646972656,157.01800537109375,156.84800720214844,157.0,0
2024-05-23 23:00:00+00:00,156.99600219726562,157.14599609375,156.91299438476562,157.05999755859375,0
2024-05-24 03:00:00+00:00,157.05799865722656,157.11700439453125,156.97999572753906,157.03199768066406,0
2024-05-24 07:00:00+00:00,157.03599548339844,157.08799743652344,156.9199981689453,156.97500610351562,0
2024-05-24 11:00:00+00:00,156.9770050048828,157.1269989013672,156.91200256347656,156.98599243164062,0
2024-05-24 15:00:00+00:00,156.98399353027344,156.99200439453125,156.8179931640625,156.97500610351562,0
2024-05-24 19:00:00+00:00,156.9770050048828,156.9980010986328,156.89100646972656,156.9429931640625,0
2024-05-26 23:00:00+00:00,156.85699462890625,156.92599487304688,156.6719970703125,156.7220001220703,0
2024-05-27 03:00:00+00:00,156.72300720214844,156.8419952392578,156.65699768066406,156.8159942626953,0
2024-05-27 07:00:00+00:00,156.81700134277344,156.95899963378906,156.8000030517578,156.85699462890625,0
2024-05-27 11:00:00+00:00,156.85800170898438,156.89300537109375,156.71800231933594,156.7209930419922,0
2024-05-27 15:00:00+00:00,156.718994140625,156.9149932861328,156.70199584960938,156.86700439453125,0
2024-05-27 19:00:00+00:00,156.8679962158203,156.94900512695312,156.78900146484375,156.91600036621094,0
2024-05-27 23:00:00+00:00,156.91600036621094,156.94400024414062,156.68299865722656,156.7550048828125,0
2024-05-28 03:00:00+00:00,156.7480010986328,156.8939971923828,156.61599731445312,156.87899780273438,0
2024-05-28 07:00:00+00:00,156.8780059814453,156.99200439453125,156.81500244140625,156.86199951171875,0
2024-05-28 11:00:00+00:00,156.86099243164062,156.95899963378906,156.5760040283203,156.86199951171875,0
2024-05-28 15:00:00+00:00,156.86300659179688,157.156005859375,156.8260040283203,157.1479949951172,0
2024-05-28 19:00:00+00:00,157.1529998779297,157.26300048828125,157.0850067138672,157.23899841308594,0
2024-05-28 23:00:00+00:00,157.2100067138672,157.40499877929688,157.20199584960938,157.28799438476562,0
2024-05-29 03:00:00+00:00,157.28700256347656,157.34800720214844,156.89199829101562,157.09500122070312,0
2024-05-29 07:00:00+00:00,157.09800720214844,157.28199768066406,157.00999450683594,157.22799682617188,0
2024-05-29 11:00:00+00:00,157.22799682617188,157.5,157.15199279785156,157.49099731445312,0
2024-05-29 15:00:00+00:00,157.4969940185547,157.70799255371094,157.43099975585938,157.66400146484375,0
2024-05-29 19:00:00+00:00,157.66700744628906,157.7030029296875,157.5399932861328,157.63699340820312,0
2024-05-29 23:00:00+00:00,157.6320037841797,157.66299438476562,157.30099487304688,157.33999633789062,0
2024-05-30 03:00:00+00:00,157.33700561523438,157.42999267578125,156.697998046875,156.74000549316406,0
2024-05-30 07:00:00+00:00,156.73899841308594,157.11199951171875,156.53199768066406,156.91799926757812,0
2024-05-30 11:00:00+00:00,156.91900634765625,156.9239959716797,156.36900329589844,156.59100341796875,0
2024-05-30 15:00:00+00:00,156.58900451660156,156.83099365234375,156.5760040283203,156.82400512695312,0
2024-05-30 19:00:00+00:00,156.82000732421875,156.87899780273438,156.7239990234375,156.80799865722656,0
2024-05-30 23:00:00+00:00,156.79600524902344,157.0229949951172,156.5679931640625,156.80799865722656,0
2024-05-31 03:00:00+00:00,156.80999755859375,156.9600067138672,156.66799926757812,156.9250030517578,0
2024-05-31 07:00:00+00:00,156.9219970703125,157.36399841308594,156.9219970703125,157.23399353027344,0
2024-05-31 11:00:00+00:00,157.23599243164062,157.24200439453125,156.55599975585938,157.15699768066406,0
2024-05-31 15:00:00+00:00,157.15899658203125,157.2779998779297,157.0749969482422,157.26499938964844,0
2024-05-31 19:00:00+00:00,157.26800537109375,157.34800720214844,157.21600341796875,157.29100036621094,0
2024-06-02 23:00:00+00:00,157.28599548339844,157.3090057373047,156.99000549316406,157.23500061035156,0
2024-06-03 03:00:00+00:00,157.23500061035156,157.47500610351562,157.20199584960938,157.25399780273438,0
2024-06-03 07:00:00+00:00,157.25,157.2949981689453,156.72000122070312,156.74099731445312,0
2024-06-03 11:00:00+00:00,156.73699951171875,156.94000244140625,156.12600708007812,156.197998046875,0
2024-06-03 15:00:00+00:00,156.19500732421875,156.27099609375,155.94700622558594,156.22300720214844,0
2024-06-03 19:00:00+00:00,156.218994140625,156.28700256347656,156.00100708007812,156.1510009765625,0
2024-06-03 23:00:00+00:00,156.15199279785156,156.48399353027344,155.97799682617188,156.3730010986328,0
2024-06-04 03:00:00+00:00,156.37100219726562,156.4239959716797,155.79600524902344,155.95199584960938,0
2024-06-04 07:00:00+00:00,155.94400024414062,155.95899963378906,154.6999969482422,154.9290008544922,0
2024-06-04 11:00:00+00:00,154.927001953125,155.25,154.54100036621094,154.8800048828125,0
2024-06-04 15:00:00+00:00,154.8820037841797,155.0260009765625,154.54100036621094,154.70899963378906,0
2024-06-04 19:00:00+00:00,154.7100067138672,154.91000366210938,154.6999969482422,154.85299682617188,0
2024-06-04 23:00:00+00:00,154.85299682617188,155.47900390625,154.8159942626953,155.4759979248047,0
2024-06-05 03:00:00+00:00,155.4739990234375,155.9219970703125,155.35499572753906,155.8939971923828,0
2024-06-05 07:00:00+00:00,155.89700317382812,156.3040008544922,155.8560028076172,156.06199645996094,0
2024-06-05 11:00:00+00:00,156.0659942626953,156.48500061035156,155.6840057373047,156.31399536132812,0
2024-06-05 15:00:00+00:00,156.31300354003906,156.3209991455078,156.06500244140625,156.0919952392578,0
2024-06-05 19:00:00+00:00,156.0959930419922,156.15899658203125,155.8489990234375,155.88499450683594,0
2024-06-05 23:00:00+00:00,155.88299560546875,156.0189971923828,155.3489990234375,155.6490020751953,0
2024-06-06 03:00:00+00:00,155.6510009765625,156.18099975585938,155.5260009765625,156.06399536132812,0
2024-06-06 07:00:00+00:00,156.06399536132812,156.38099670410156,155.89199829101562,156.0330047607422,0
2024-06-06 11:00:00+00:00,156.03799438476562,156.44500732421875,155.8719940185547,156.02099609375,0
2024-06-06 15:00:00+00:00,156.0290069580078,156.08999633789062,155.64700317382812,155.6739959716797,0
2024-06-06 19:00:00+00:00,155.67300415039062,155.74000549316406,155.45700073242188,155.59300231933594,0
2024-06-06 23:00:00+00:00,155.61399841308594,155.93699645996094,155.57400512695312,155.81300354003906,0
2024-06-07 03:00:00+00:00,155.81100463867188,155.8249969482422,155.12899780273438,155.35899353027344,0
2024-06-07 07:00:00+00:00,155.35899353027344,155.5989990234375,155.11599731445312,155.572998046875,0
2024-06-07 11:00:00+00:00,155.56900024414062,157.0760040283203,155.35699462890625,156.86900329589844,0
2024-06-07 15:00:00+00:00,156.86399841308594,156.88699340820312,156.41799926757812,156.63400268554688,0
2024-06-07 19:00:00+00:00,156.6300048828125,156.76699829101562,156.61300659179688,156.7519989013672,0
2024-06-09 23:00:00+00:00,156.89599609375,156.99600219726562,156.7169952392578,156.9759979248047,0
2024-06-10 03:00:00+00:00,156.9739990234375,157.1929931640625,156.96600341796875,157.10299682617188,0
2024-06-10 07:00:00+00:00,157.0989990234375,157.10400390625,156.74000549316406,156.82699584960938,0
2024-06-10 11:00:00+00:00,156.82699584960938,157.0070037841797,156.7949981689453,156.9029998779297,0
2024-06-10 15:00:00+00:00,156.9040069580078,157.0919952392578,156.8820037841797,157.0800018310547,0
2024-06-10 19:00:00+00:00,157.07899475097656,157.09500122070312,156.91299438476562,157.031005859375,0
2024-06-10 23:00:00+00:00,157.02999877929688,157.28799438476562,157.01600646972656,157.28700256347656,0
2024-06-11 03:00:00+00:00,157.28500366210938,157.33399963378906,157.1479949951172,157.2779998779297,0
2024-06-11 07:00:00+00:00,157.27200317382812,157.39300537109375,157.0800018310547,157.09100341796875,0
2024-06-11 11:00:00+00:00,157.09500122070312,157.33700561523438,156.802001953125,157.3179931640625,0
2024-06-11 15:00:00+00:00,157.3179931640625,157.40199279785156,157.01199340820312,157.01699829101562,0
2024-06-11 19:00:00+00:00,157.01699829101562,157.156005859375,156.92799377441406,157.13800048828125,0
2024-06-11 23:00:00+00:00,157.13800048828125,157.24099731445312,157.0399932861328,157.1820068359375,0
2024-06-12 03:00:00+00:00,157.1840057373047,157.29400634765625,157.12399291992188,157.28700256347656,0
2024-06-12 07:00:00+00:00,157.28500366210938,157.3800048828125,157.2480010986328,157.3260040283203,0
2024-06-12 11:00:00+00:00,157.3260040283203,157.3679962158203,155.7100067138672,155.77699279785156,0
2024-06-12 15:00:00+00:00,155.77699279785156,156.69400024414062,155.71400451660156,156.5989990234375,0
2024-06-12 19:00:00+00:00,156.59500122070312,156.9010009765625,156.5260009765625,156.7989959716797,0
2024-06-12 23:00:00+00:00,156.7989959716797,157.01600646972656,156.69000244140625,156.99400329589844,0
2024-06-13 03:00:00+00:00,156.9929962158203,157.2550048828125,156.96400451660156,157.1479949951172,0
2024-06-13 07:00:00+00:00,157.14700317382812,157.31100463867188,157.11599731445312,157.1699981689453,0
2024-06-13 11:00:00+00:00,157.1699981689453,157.2689971923828,156.57000732421875,156.9409942626953,0
2024-06-13 15:00:00+00:00,156.94200134277344,156.99899291992188,156.69000244140625,156.89300537109375,0
2024-06-13 19:00:00+00:00,156.89700317382812,157.10000610351562,156.88600158691406,157.03599548339844,0
2024-06-13 23:00:00+00:00,157.0780029296875,157.33299255371094,157.05299377441406,157.322998046875,0
2024-06-14 03:00:00+00:00,157.32000732421875,158.2570037841797,156.7949981689453,157.95399475097656,0
2024-06-14 07:00:00+00:00,157.9530029296875,158.21299743652344,156.8800048828125,156.95700073242188,0
2024-06-14 11:00:00+00:00,156.95399475097656,157.49600219726562,156.94400024414062,157.3800048828125,0
2024-06-14 15:00:00+00:00,157.3780059814453,157.4510040283203,157.13800048828125,157.2760009765625,0
2024-06-14 19:00:00+00:00,157.2740020751953,157.45799255371094,157.26100158691406,157.322998046875,0
2024-06-16 23:00:00+00:00,157.51699829101562,157.66200256347656,157.2899932861328,157.4409942626953,0
2024-06-17 03:00:00+00:00,157.44400024414062,157.52200317382812,157.14999389648438,157.3509979248047,0
2024-06-17 07:00:00+00:00,157.3509979248047,157.70199584960938,157.2790069580078,157.63099670410156,0
2024-06-17 11:00:00+00:00,157.6269989013672,157.9600067138672,157.6199951171875,157.85499572753906,0
2024-06-17 15:00:00+00:00,157.8509979248047,157.89300537109375,157.6719970703125,157.7010040283203,0
2024-06-17 19:00:00+00:00,157.70399475097656,157.7530059814453,157.63400268554688,157.6999969482422,0
2024-06-17 23:00:00+00:00,157.7030029296875,157.73300170898438,157.51199340820312,157.64199829101562,0
2024-06-18 03:00:00+00:00,157.64700317382812,157.98599243164062,157.5760040283203,157.96400451660156,0
2024-06-18 07:00:00+00:00,157.96299743652344,158.22900390625,157.92599487304688,158.1009979248047,0
2024-06-18 11:00:00+00:00,158.10400390625,158.1510009765625,157.6199951171875,157.96800231933594,0
2024-06-18 15:00:00+00:00,157.97000122070312,158.00399780273438,157.63499450683594,157.7969970703125,0
2024-06-18 19:00:00+00:00,157.7949981689453,157.89100646972656,157.7429962158203,157.8560028076172,0
2024-06-18 23:00:00+00:00,157.86000061035156,157.92300415039062,157.71800231933594,157.8260040283203,0
2024-06-19 03:00:00+00:00,157.8249969482422,157.8679962158203,157.63800048828125,157.6649932861328,0
2024-06-19 07:00:00+00:00,157.6649932861328,157.9080047607422,157.59500122070312,157.82899475097656,0
2024-06-19 11:00:00+00:00,157.8280029296875,157.9510040283203,157.82699584960938,157.89700317382812,0
2024-06-19 15:00:00+00:00,157.89700317382812,158.02200317382812,157.88600158691406,158.01800537109375,0
2024-06-19 19:00:00+00:00,158.01499938964844,158.13099670410156,157.78900146484375,158.0030059814453,0
2024-06-19 23:00:00+00:00,158.00100708007812,158.11099243164062,157.91600036621094,158.0749969482422,0
2024-06-20 03:00:00+00:00,158.0780029296875,158.19200134277344,158.0570068359375,158.1230010986328,0
2024-06-20 07:00:00+00:00,158.1199951171875,158.47000122070312,158.0780029296875,158.4149932861328,0
2024-06-20 11:00:00+00:00,158.41400146484375,158.7449951171875,158.23500061035156,158.7220001220703,0
2024-06-20 15:00:00+00:00,158.7220001220703,158.91099548339844,158.66299438476562,158.7989959716797,0
2024-06-20 19:00:00+00:00,158.7969970703125,158.93899536132812,158.79400634765625,158.8979949951172,0
2024-06-20 23:00:00+00:00,158.89500427246094,159.125,158.81300354003906,158.9530029296875,0
2024-06-21 03:00:00+00:00,158.95199584960938,159.0019989013672,158.81199645996094,158.95899963378906,0
2024-06-21 07:00:00+00:00,158.95700073242188,159.0189971923828,158.66400146484375,159.0030059814453,0
2024-06-21 11:00:00+00:00,158.9980010986328,159.60000610351562,158.8459930419922,159.57400512695312,0
2024-06-21 15:00:00+00:00,159.5749969482422,159.6300048828125,159.3939971923828,159.54100036621094,0
2024-06-21 19:00:00+00:00,159.54100036621094,159.8350067138672,159.5189971923828,159.77499389648438,0
2024-06-23 23:00:00+00:00,159.7100067138672,159.9340057373047,159.63299560546875,159.7030029296875,0
2024-06-24 03:00:00+00:00,159.7050018310547,159.81900024414062,159.61599731445312,159.6750030517578,0
2024-06-24 07:00:00+00:00,159.677001953125,159.8090057373047,158.74000549316406,159.50900268554688,0
2024-06-24 11:00:00+00:00,159.50900268554688,159.73500061035156,159.31900024414062,159.7220001220703,0
2024-06-24 15:00:00+00:00,159.7220001220703,159.75799560546875,159.53399658203125,159.63499450683594,0
2024-06-24 19:00:00+00:00,159.63299560546875,159.71800231933594,159.53799438476562,159.6230010986328,0
2024-06-24 23:00:00+00:00,159.63699340820312,159.7030029296875,159.18600463867188,159.3260040283203,0
2024-06-25 03:00:00+00:00,159.3260040283203,159.50900268554688,159.27000427246094,159.4709930419922,0
2024-06-25 07:00:00+00:00,159.4709930419922,159.5500030517578,159.28799438476562,159.4290008544922,0
2024-06-25 11:00:00+00:00,159.42999267578125,159.7239990234375,159.41200256347656,159.69000244140625,0
2024-06-25 15:00:00+00:00,159.6820068359375,159.7570037841797,159.64999389648438,159.6719970703125,0
2024-06-25 19:00:00+00:00,159.6699981689453,159.69900512695312,159.58599853515625,159.66400146484375,0
2024-06-25 23:00:00+00:00,159.6719970703125,159.89999389648438,159.61399841308594,159.83200073242188,0
2024-06-26 03:00:00+00:00,159.83299255371094,159.8719940185547,159.73500061035156,159.81700134277344,0
2024-06-26 07:00:00+00:00,159.81900024414062,160.3459930419922,159.81199645996094,160.2989959716797,0
2024-06-26 11:00:00+00:00,160.29800415039062,160.64199829101562,160.01199340820312,160.61199951171875,0
2024-06-26 15:00:00+00:00,160.60899353027344,160.82400512695312,160.58599853515625,160.70199584960938,0
2024-06-26 19:00:00+00:00,160.70199584960938,160.86500549316406,160.6540069580078,160.69500732421875,0
2024-06-26 23:00:00+00:00,160.69400024414062,160.71600341796875,160.37600708007812,160.45199584960938,0
2024-06-27 03:00:00+00:00,160.45700073242188,160.49400329589844,160.30099487304688,160.41700744628906,0
2024-06-27 07:00:00+00:00,160.41900634765625,160.6060028076172,160.38800048828125,160.43499755859375,0
2024-06-27 11:00:00+00:00,160.4320068359375,160.66900634765625,160.2760009765625,160.59100341796875,0
2024-06-27 15:00:00+00:00,160.5919952392578,160.81300354003906,160.56399536132812,160.76699829101562,0
2024-06-27 19:00:00+00:00,160.76199340820312,160.8260040283203,160.66200256347656,160.7030029296875,0
2024-06-27 23:00:00+00:00,160.71299743652344,161.28199768066406,160.6280059814453,160.9320068359375,0
2024-06-28 03:00:00+00:00,160.9290008544922,161.13299560546875,160.8489990234375,160.92999267578125,0
2024-06-28 07:00:00+00:00,160.93299865722656,161.0590057373047,160.45599365234375,160.45799255371094,0
2024-06-28 11:00:00+00:00,160.46200561523438,160.86599731445312,160.25799560546875,160.8300018310547,0
2024-06-28 15:00:00+00:00,160.8300018310547,160.96800231933594,160.69900512695312,160.8040008544922,0
2024-06-28 19:00:00+00:00,160.80299377441406,160.94400024414062,160.7760009765625,160.8350067138672,0
2024-06-30 23:00:00+00:00,160.81700134277344,161.18600463867188,160.7310028076172,160.89599609375,0
2024-07-01 03:00:00+00:00,160.89599609375,161.1219940185547,160.89100646972656,160.9040069580078,0
2024-07-01 07:00:00+00:00,160.9029998779297,161.14999389648438,160.86599731445312,161.1230010986328,0
2024-07-01 11:00:00+00:00,161.12399291992188,161.66700744628906,160.9459991455078,161.65499877929688,0
2024-07-01 15:00:00+00:00,161.6540069580078,161.72799682617188,161.39999389648438,161.51800537109375,0
2024-07-01 19:00:00+00:00,161.5189971923828,161.5540008544922,161.38400268554688,161.43299865722656,0
2024-07-01 23:00:00+00:00,161.43299865722656,161.66600036621094,161.41299438476562,161.61700439453125,0
2024-07-02 03:00:00+00:00,161.61300659179688,161.7429962158203,161.58700561523438,161.6719970703125,0
2024-07-02 07:00:00+00:00,161.6699981689453,161.71800231933594,161.55099487304688,161.6060028076172,0
2024-07-02 11:00:00+00:00,161.61099243164062,161.6719970703125,161.26400756835938,161.43899536132812,0
2024-07-02 15:00:00+00:00,161.43499755859375,161.60299682617188,161.406005859375,161.48699951171875,0
2024-07-02 19:00:00+00:00,161.48899841308594,161.4969940185547,161.3560028076172,161.42799377441406,0
2024-07-02 23:00:00+00:00,161.41600036621094,161.64999389648438,161.41400146484375,161.64199829101562,0
2024-07-03 03:00:00+00:00,161.64199829101562,161.93899536132812,161.60699462890625,161.8090057373047,0
2024-07-03 07:00:00+00:00,161.80999755859375,161.95199584960938,161.72000122070312,161.93800354003906,0
2024-07-03 11:00:00+00:00,161.93899536132812,161.9499969482422,160.76800537109375,161.3300018310547,0
2024-07-03 15:00:00+00:00,161.3300018310547,161.7030029296875,161.26400756835938,161.66299438476562,0
2024-07-03 19:00:00+00:00,161.66600036621094,161.75,161.52000427246094,161.59500122070312,0
2024-07-03 23:00:00+00:00,161.593994140625,161.67300415039062,161.1320037841797,161.44700622558594,0
2024-07-04 03:00:00+00:00,161.447998046875,161.5749969482422,161.33399963378906,161.3470001220703,0
2024-07-04 07:00:00+00:00,161.3459930419922,161.45799255371094,161.04800415039062,161.06100463867188,0
2024-07-04 11:00:00+00:00,161.06100463867188,161.19500732421875,160.94200134277344,161.06199645996094,0
2024-07-04 15:00:00+00:00,161.05599975585938,161.25599670410156,161.0500030517578,161.23699951171875,0
2024-07-04 19:00:00+00:00,161.24200439453125,161.322998046875,161.1580047607422,161.27000427246094,0
2024-07-04 23:00:00+00:00,161.26800537109375,161.3990020751953,160.8159942626953,160.96299743652344,0
2024-07-05 03:00:00+00:00,160.96299743652344,160.98800659179688,160.52200317382812,160.76699829101562,0
2024-07-05 07:00:00+00:00,160.77000427246094,160.85499572753906,160.61000061035156,160.802001953125,0
2024-07-05 11:00:00+00:00,160.79600524902344,161.3260040283203,160.3260040283203,160.96200561523438,0
2024-07-05 15:00:00+00:00,160.96400451660156,161.02000427246094,160.62600708007812,160.718994140625,0
2024-07-05 19:00:00+00:00,160.718994140625,160.83700561523438,160.7050018310547,160.718994140625,0
2024-07-07 23:00:00+00:00,160.76199340820312,160.81300354003906,160.25799560546875,160.36900329589844,0
2024-07-08 03:00:00+00:00,160.36900329589844,160.86700439453125,160.3520050048828,160.83599853515625,0
2024-07-08 07:00:00+00:00,160.83599853515625,161.1199951171875,160.7779998779297,160.93099975585938,0
2024-07-08 11:00:00+00:00,160.9340057373047,161.0570068359375,160.4720001220703,160.61500549316406,0
2024-07-08 15:00:00+00:00,160.61099243164062,160.82000732421875,160.58700561523438,160.78399658203125,0
2024-07-08 19:00:00+00:00,160.7899932861328,160.843994140625,160.7310028076172,160.79100036621094,0
2024-07-08 23:00:00+00:00,160.78199768066406,161.13099670410156,160.7239990234375,161.00599670410156,0
2024-07-09 03:00:00+00:00,161.0030059814453,161.10299682617188,160.7899932861328,160.8260040283203,0
2024-07-09 07:00:00+00:00,160.8249969482422,161.0780029296875,160.7310028076172,161.01499938964844,0
2024-07-09 11:00:00+00:00,161.01499938964844,161.38600158691406,160.88699340820312,161.36099243164062,0
2024-07-09 15:00:00+00:00,161.35899353027344,161.51699829101562,161.2239990234375,161.3090057373047,0
2024-07-09 19:00:00+00:00,161.31500244140625,161.343994140625,161.20599365234375,161.3300018310547,0
2024-07-09 23:00:00+00:00,161.32699584960938,161.59100341796875,161.29800415039062,161.5050048828125,0
2024-07-10 03:00:00+00:00,161.5019989013672,161.56199645996094,161.35000610351562,161.36199951171875,0
2024-07-10 07:00:00+00:00,161.36500549316406,161.61199951171875,161.33599853515625,161.53900146484375,0
2024-07-10 11:00:00+00:00,161.54100036621094,161.68600463867188,161.4219970703125,161.656005859375,0
2024-07-10 15:00:00+00:00,161.66099548339844,161.80499267578125,161.61700439453125,161.77499389648438,0
2024-07-10 19:00:00+00:00,161.77499389648438,161.79100036621094,161.54299926757812,161.58900451660156,0
2024-07-10 23:00:00+00:00,161.593994140625,161.66900634765625,161.47000122070312,161.656005859375,0
2024-07-11 03:00:00+00:00,161.6510009765625,161.7530059814453,161.61599731445312,161.7239990234375,0
2024-07-11 07:00:00+00:00,161.72500610351562,161.75900268554688,161.46800231933594,161.54400634765625,0
2024-07-11 11:00:00+00:00,161.54200744628906,161.62399291992188,157.40899658203125,158.5540008544922,0
2024-07-11 15:00:00+00:00,158.552001953125,158.89300537109375,158.44500732421875,158.73599243164062,0
2024-07-11 19:00:00+00:00,158.73500061035156,159.281005859375,158.7259979248047,159.26600646972656,0
2024-07-11 23:00:00+00:00,159.2570037841797,159.44500732421875,157.72799682617188,159.3070068359375,0
2024-07-12 03:00:00+00:00,159.30799865722656,159.33399963378906,158.86199951171875,159.13299560546875,0
2024-07-12 07:00:00+00:00,159.13499450683594,159.32000732421875,159.02000427246094,159.10699462890625,0
2024-07-12 11:00:00+00:00,159.11000061035156,159.15499877929688,157.35899353027344,157.71600341796875,0
2024-07-12 15:00:00+00:00,157.71600341796875,158.09300231933594,157.5050048828125,157.91799926757812,0
2024-07-12 19:00:00+00:00,157.9149932861328,157.9429931640625,157.7830047607422,157.84800720214844,0
2024-07-14 23:00:00+00:00,158.33599853515625,158.41900634765625,157.9080047607422,158.0330047607422,0
2024-07-15 03:00:00+00:00,158.0279998779297,158.2429962158203,157.82699584960938,158.10699462890625,0
2024-07-15 07:00:00+00:00,158.10499572753906,158.1269989013672,157.7429962158203,157.95199584960938,0
2024-07-15 11:00:00+00:00,157.9510040283203,158.17300415039062,157.82000732421875,157.86000061035156,0
2024-07-15 15:00:00+00:00,157.85800170898438,158.02000427246094,157.1510009765625,157.8520050048828,0
2024-07-15 19:00:00+00:00,157.85299682617188,158.15499877929688,157.83200073242188,158.125,0
2024-07-15 23:00:00+00:00,158.12399291992188,158.72500610351562,158.0570068359375,158.69200134277344,0
2024-07-16 03:00:00+00:00,158.69200134277344,158.78900146484375,158.4600067138672,158.56700134277344,0
2024-07-16 07:00:00+00:00,158.56399536132812,158.59100341796875,158.32699584960938,158.427001953125,0
2024-07-16 11:00:00+00:00,158.4290008544922,158.86000061035156,158.23800659179688,158.58799743652344,0
2024-07-16 15:00:00+00:00,158.58999633789062,158.65499877929688,158.33399963378906,158.34800720214844,0
2024-07-16 19:00:00+00:00,158.3470001220703,158.4320068359375,158.2570037841797,158.3459930419922,0
2024-07-16 23:00:00+00:00,158.33299255371094,158.62399291992188,158.29400634765625,158.4149932861328,0
2024-07-17 03:00:00+00:00,158.4149932861328,158.4499969482422,157.6999969482422,157.81300354003906,0
2024-07-17 07:00:00+00:00,157.8159942626953,157.83099365234375,156.0959930419922,156.73199462890625,0
2024-07-17 11:00:00+00:00,156.73599243164062,156.7969970703125,156.14700317382812,156.49899291992188,0
2024-07-17 15:00:00+00:00,156.4980010986328,156.63600158691406,156.08700561523438,156.09800720214844,0
2024-07-17 19:00:00+00:00,156.1009979248047,156.343994140625,155.98300170898438,156.17999267578125,0
2024-07-17 23:00:00+00:00,156.1580047607422,156.4409942626953,155.36399841308594,156.31199645996094,0
2024-07-18 03:00:00+00:00,156.31199645996094,156.57200622558594,155.79600524902344,156.1179962158203,0
2024-07-18 07:00:00+00:00,156.1219940185547,156.58599853515625,155.91000366210938,156.38999938964844,0
2024-07-18 11:00:00+00:00,156.39300537109375,156.7740020751953,156.1750030517578,156.75599670410156,0
2024-07-18 15:00:00+00:00,156.7550048828125,157.33099365234375,156.69200134277344,157.28399658203125,0
2024-07-18 19:00:00+00:00,157.281005859375,157.39999389648438,157.22999572753906,157.26100158691406,0
2024-07-18 23:00:00+00:00,157.26300048828125,157.5290069580078,157.05799865722656,157.4149932861328,0
2024-07-19 03:00:00+00:00,157.41600036621094,157.86199951171875,157.13099670410156,157.26800537109375,0
2024-07-19 07:00:00+00:00,157.26300048828125,157.5749969482422,156.95799255371094,157.4530029296875,0
2024-07-19 11:00:00+00:00,157.4550018310547,157.697998046875,157.26199340820312,157.33399963378906,0
2024-07-19 15:00:00+00:00,157.33799743652344,157.4980010986328,157.27200317382812,157.49200439453125,0
2024-07-19 19:00:00+00:00,157.48800659179688,157.5279998779297,157.3769989013672,157.42599487304688,0
2024-07-21 23:00:00+00:00,157.26499938964844,157.61300659179688,157.14999389648438,157.5500030517578,0
2024-07-22 03:00:00+00:00,157.5489959716797,157.56900024414062,156.27999877929688,156.44700622558594,0
2024-07-22 07:00:00+00:00,156.44700622558594,156.9669952392578,156.3419952392578,156.83299255371094,0
2024-07-22 11:00:00+00:00,156.83999633789062,157.08900451660156,156.6479949951172,156.8730010986328,0
2024-07-22 15:00:00+00:00,156.87399291992188,157.17100524902344,156.86000061035156,157.06199645996094,0
2024-07-22 19:00:00+00:00,157.06300354003906,157.1179962158203,156.86399841308594,157.01199340820312,0
2024-07-22 23:00:00+00:00,157.03599548339844,157.1009979248047,156.51600646972656,156.62899780273438,0
2024-07-23 03:00:00+00:00,156.6320037841797,156.66900634765625,156.197998046875,156.58700561523438,0
2024-07-23 07:00:00+00:00,156.58599853515625,156.63499450683594,155.8179931640625,156.04600524902344,0
2024-07-23 11:00:00+00:00,156.0500030517578,156.26600646972656,155.93899536132812,155.9759979248047,0
2024-07-23 15:00:00+00:00,155.97999572753906,156.08999633789062,155.572998046875,155.6280059814453,0
2024-07-23 19:00:00+00:00,155.6269989013672,155.67100524902344,155.50900268554688,155.63800048828125,0
2024-07-23 23:00:00+00:00,155.63299560546875,155.99099731445312,155.16400146484375,155.25599670410156,0
2024-07-24 03:00:00+00:00,155.2550048828125,155.29299926757812,154.3509979248047,154.58900451660156,0
2024-07-24 07:00:00+00:00,154.58599853515625,154.94500732421875,154.27200317382812,154.56100463867188,0
2024-07-24 11:00:00+00:00,154.56199645996094,154.5780029296875,153.10000610351562,153.26699829101562,0
2024-07-24 15:00:00+00:00,153.26400756835938,154.07400512695312,153.25999450683594,154.0030059814453,0
2024-07-24 19:00:00+00:00,154.0030059814453,154.10000610351562,153.52200317382812,153.62600708007812,0
2024-07-24 23:00:00+00:00,153.58599853515625,153.96800231933594,152.51199340820312,152.63699340820312,0
2024-07-25 03:00:00+00:00,152.63400268554688,152.97300720214844,152.2259979248047,152.8489990234375,0
2024-07-25 07:00:00+00:00,152.84500122070312,152.93299865722656,151.93499755859375,152.20700073242188,0
2024-07-25 11:00:00+00:00,152.2100067138672,154.1929931640625,152.16799926757812,153.64700317382812,0
2024-07-25 15:00:00+00:00,153.64100646972656,154.3179931640625,153.6269989013672,153.78399658203125,0
2024-07-25 19:00:00+00:00,153.79100036621094,154.0489959716797,153.781005859375,153.906005859375,0
2024-07-25 23:00:00+00:00,153.8979949951172,154.13900756835938,153.36599731445312,153.91900634765625,0
2024-07-26 03:00:00+00:00,153.91600036621094,153.9219970703125,153.49400329589844,153.63499450683594,0
2024-07-26 07:00:00+00:00,153.63400268554688,154.64700317382812,153.56399536132812,154.56300354003906,0
2024-07-26 11:00:00+00:00,154.56700134277344,154.73800659179688,153.08799743652344,153.5,0
2024-07-26 15:00:00+00:00,153.4980010986328,153.8769989013672,153.4929962158203,153.72799682617188,0
2024-07-26 19:00:00+00:00,153.72799682617188,153.7969970703125,153.67100524902344,153.71800231933594,0
2024-07-28 23:00:00+00:00,154.01600646972656,154.3509979248047,153.00900268554688,153.41400146484375,0
2024-07-29 03:00:00+00:00,153.41400146484375,153.69400024414062,153.13800048828125,153.35499572753906,0
2024-07-29 07:00:00+00:00,153.35400390625,153.91600036621094,153.22900390625,153.67999267578125,0
2024-07-29 11:00:00+00:00,153.68099975585938,154.21099853515625,153.58799743652344,154.04200744628906,0
2024-07-29 15:00:00+00:00,154.0469970703125,154.09100341796875,153.86700439453125,153.98800659179688,0
2024-07-29 19:00:00+00:00,153.98899841308594,154.0679931640625,153.8979949951172,154.02699279785156,0
2024-07-29 23:00:00+00:00,154.01199340820312,154.2480010986328,153.61199951171875,154.02099609375,0
2024-07-30 03:00:00+00:00,154.02499389648438,155.218994140625,153.97300720214844,155.0489959716797,0
2024-07-30 07:00:00+00:00,155.0540008544922,155.11300659179688,154.60000610351562,154.72999572753906,0
2024-07-30 11:00:00+00:00,154.72999572753906,155.02200317382812,154.28599548339844,154.5959930419922,0
2024-07-30 15:00:00+00:00,154.5989990234375,154.6009979248047,152.97500610351562,153.25599670410156,0
2024-07-30 19:00:00+00:00,153.2550048828125,153.31900024414062,152.41000366210938,152.93499755859375,0
2024-07-30 23:00:00+00:00,152.875,153.34500122070312,152.09800720214844,152.875,0
2024-07-31 03:00:00+00:00,152.87399291992188,153.8939971923828,151.5679931640625,152.2310028076172,0
2024-07-31 07:00:00+00:00,152.23800659179688,152.4340057373047,150.04299926757812,150.50999450683594,0
2024-07-31 11:00:00+00:00,150.5030059814453,150.6739959716797,149.625,150.43099975585938,0
2024-07-31 15:00:00+00:00,150.43499755859375,151.26100158691406,150.27000427246094,150.4510040283203,0
2024-07-31 19:00:00+00:00,150.43699645996094,150.49899291992188,149.6020050048828,150.15199279785156,0
2024-07-31 23:00:00+00:00,150.1699981689453,150.3179931640625,148.50599670410156,149.75799560546875,0
2024-08-01 03:00:00+00:00,149.76300048828125,150.33700561523438,149.33599853515625,150.02499389648438,0
2024-08-01 07:00:00+00:00,150.01600646972656,150.19700622558594,149.42100524902344,150.02699279785156,0
2024-08-01 11:00:00+00:00,150.0229949951172,150.88999938964844,149.82699584960938,150.04400634765625,0
2024-08-01 15:00:00+00:00,150.0449981689453,150.21800231933594,149.5279998779297,149.55299377441406,0
2024-08-01 19:00:00+00:00,149.55099487304688,149.84100341796875,148.97900390625,149.31700134277344,0
2024-08-01 23:00:00+00:00,149.3040008544922,149.7740020751953,148.86300659179688,149.55999755859375,0
2024-08-02 03:00:00+00:00,149.56900024414062,149.6439971923828,148.80099487304688,148.8520050048828,0
2024-08-02 07:00:00+00:00,148.84800720214844,149.3260040283203,148.6179962158203,148.79600524902344,0
2024-08-02 11:00:00+00:00,148.79600524902344,149.1219940185547,146.53799438476562,146.66700744628906,0
2024-08-02 15:00:00+00:00,146.6750030517578,147.4600067138672,146.41200256347656,146.49200439453125,0
2024-08-02 19:00:00+00:00,146.49099731445312,146.69400024414062,146.4429931640625,146.5189971923828,0
2024-08-04 23:00:00+00:00,146.31700134277344,146.34300231933594,144.76199340820312,145.13400268554688,0
2024-08-05 03:00:00+00:00,145.1300048828125,145.15499877929688,141.68099975585938,142.75399780273438,0
2024-08-05 07:00:00+00:00,142.76199340820312,143.98899841308594,141.74000549316406,142.3730010986328,0
2024-08-05 11:00:00+00:00,142.36900329589844,143.8509979248047,141.82699584960938,142.6529998779297,0
2024-08-05 15:00:00+00:00,142.6479949951172,144.88900756835938,142.33200073242188,143.45399475097656,0
2024-08-05 19:00:00+00:00,143.4510040283203,144.86300659179688,143.44000244140625,144.80599975585938,0
2024-08-05 23:00:00+00:00,144.75999450683594,146.36900329589844,144.29600524902344,145.2989959716797,0
2024-08-06 03:00:00+00:00,145.302001953125,146.29600524902344,145.09800720214844,145.62899780273438,0
2024-08-06 07:00:00+00:00,145.63099670410156,145.93600463867188,144.35000610351562,144.88699340820312,0
2024-08-06 11:00:00+00:00,144.88699340820312,145.42799377441406,144.0399932861328,144.5,0
2024-08-06 15:00:00+00:00,144.50399780273438,145.4199981689453,144.49899291992188,145.00100708007812,0
2024-08-06 19:00:00+00:00,145.0019989013672,145.07000732421875,144.13699340820312,144.49600219726562,0
2024-08-06 23:00:00+00:00,144.552001953125,147.4929962158203,144.37399291992188,146.8470001220703,0
2024-08-07 03:00:00+00:00,146.83999633789062,147.9010009765625,146.43299865722656,146.5749969482422,0
2024-08-07 07:00:00+00:00,146.61000061035156,147.63600158691406,146.08099365234375,147.18899536132812,0
2024-08-07 11:00:00+00:00,147.1929931640625,147.50599670410156,146.64599609375,147.27699279785156,0
2024-08-07 15:00:00+00:00,147.2779998779297,147.69000244140625,146.6739959716797,146.83999633789062,0
2024-08-07 19:00:00+00:00,146.83700561523438,147.18800354003906,146.33999633789062,146.5399932861328,0
2024-08-07 23:00:00+00:00,146.52000427246094,146.87100219726562,145.4149932861328,146.58999633789062,0
2024-08-08 03:00:00+00:00,146.59100341796875,146.71800231933594,145.8719940185547,146.19700622558594,0
2024-08-08 07:00:00+00:00,146.1929931640625,146.48699951171875,145.6219940185547,146.10000610351562,0
2024-08-08 11:00:00+00:00,146.10400390625,147.5469970703125,145.93800354003906,147.2899932861328,0
2024-08-08 15:00:00+00:00,147.28900146484375,147.43800354003906,147.00999450683594,147.21400451660156,0
2024-08-08 19:00:00+00:00,147.21800231933594,147.30799865722656,147.08700561523438,147.28900146484375,0
2024-08-08 23:00:00+00:00,147.2729949951172,147.81300354003906,147.01600646972656,147.4810028076172,0
2024-08-09 03:00:00+00:00,147.48699951171875,147.57000732421875,146.7100067138672,147.1999969482422,0
2024-08-09 07:00:00+00:00,147.19900512695312,147.3209991455078,146.91400146484375,147.13600158691406,0
2024-08-09 11:00:00+00:00,147.13699340820312,147.1580047607422,146.26499938964844,146.53799438476562,0
2024-08-09 15:00:00+00:00,146.53700256347656,146.76199340820312,146.43800354003906,146.61099243164062,0
2024-08-09 19:00:00+00:00,146.60800170898438,146.69900512695312,146.54299926757812,146.6230010986328,0
2024-08-11 23:00:00+00:00,146.98899841308594,147.1280059814453,146.6909942626953,146.92799377441406,0
2024-08-12 03:00:00+00:00,146.92799377441406,147.27999877929688,146.8780059814453,147.2239990234375,0
2024-08-12 07:00:00+00:00,147.2220001220703,147.4429931640625,147.08399963378906,147.41700744628906,0
2024-08-12 11:00:00+00:00,147.4149932861328,148.2220001220703,147.3780059814453,147.87399291992188,0
2024-08-12 15:00:00+00:00,147.8730010986328,147.89199829101562,147.07000732421875,147.30099487304688,0
2024-08-12 19:00:00+00:00,147.2989959716797,147.322998046875,147.03900146484375,147.1269989013672,0
2024-08-12 23:00:00+00:00,147.13099670410156,147.51400756835938,146.90899658203125,147.3780059814453,0
2024-08-13 03:00:00+00:00,147.375,147.9459991455078,147.3040008544922,147.88099670410156,0
2024-08-13 07:00:00+00:00,147.87899780273438,147.94500732421875,147.5290069580078,147.531005859375,0
2024-08-13 11:00:00+00:00,147.53199768066406,147.61300659179688,146.843994140625,146.99600219726562,0
2024-08-13 15:00:00+00:00,146.9929962158203,147.09300231933594,146.63999938964844,146.67599487304688,0
2024-08-13 19:00:00+00:00,146.67599487304688,146.89999389648438,146.58900451660156,146.78799438476562,0
2024-08-13 23:00:00+00:00,146.82000732421875,147.18499755859375,146.06700134277344,146.46099853515625,0
2024-08-14 03:00:00+00:00,146.46099853515625,147.31399536132812,146.322998046875,147.18499755859375,0
2024-08-14 07:00:00+00:00,147.18899536132812,147.49600219726562,146.83599853515625,146.86599731445312,0
2024-08-14 11:00:00+00:00,146.86399841308594,147.5800018310547,146.50799560546875,146.76199340820312,0
2024-08-14 15:00:00+00:00,146.76199340820312,147.26499938964844,146.6320037841797,147.23899841308594,0
2024-08-14 19:00:00+00:00,147.24200439453125,147.44000244140625,147.13099670410156,147.28900146484375,0
2024-08-14 23:00:00+00:00,147.28399658203125,147.61399841308594,147.14999389648438,147.46099853515625,0
2024-08-15 03:00:00+00:00,147.4600067138672,147.4720001220703,147.0489959716797,147.16000366210938,0
2024-08-15 07:00:00+00:00,147.1649932861328,147.447998046875,147.0919952392578,147.22999572753906,0
2024-08-15 11:00:00+00:00,147.22900390625,149.3249969482422,147.1739959716797,149.03500366210938,0
2024-08-15 15:00:00+00:00,149.0330047607422,149.18499755859375,148.84300231933594,149.00399780273438,0
2024-08-15 19:00:00+00:00,149.00599670410156,149.39999389648438,148.96499633789062,149.2530059814453,0
2024-08-15 23:00:00+00:00,149.25799560546875,149.26800537109375,148.73500061035156,148.8719940185547,0
2024-08-16 03:00:00+00:00,148.8719940185547,149.09500122070312,148.78599548339844,149.05799865722656,0
2024-08-16 07:00:00+00:00,149.05599975585938,149.06199645996094,148.32000732421875,148.3509979248047,0
2024-08-16 11:00:00+00:00,148.3520050048828,148.35400390625,147.61300659179688,147.9969940185547,0
2024-08-16 15:00:00+00:00,147.99899291992188,148.2689971923828,147.63900756835938,147.67100524902344,0
2024-08-16 19:00:00+00:00,147.6719970703125,147.7239990234375,147.56100463867188,147.58900451660156,0
2024-08-18 23:00:00+00:00,147.85699462890625,148.052001953125,147.2899932861328,147.343994140625,0
2024-08-19 03:00:00+00:00,147.3459930419922,147.37399291992188,145.17999267578125,145.87100219726562,0
2024-08-19 07:00:00+00:00,145.8730010986328,146.52099609375,145.66600036621094,146.3489990234375,0
2024-08-19 11:00:00+00:00,146.34800720214844,146.6739959716797,145.927001953125,146.36000061035156,0
2024-08-19 15:00:00+00:00,146.36300659179688,146.71200561523438,146.35000610351562,146.65699768066406,0
2024-08-19 19:00:00+00:00,146.6510009765625,146.69200134277344,146.5279998779297,146.6269989013672,0
2024-08-19 23:00:00+00:00,146.6280059814453,147.10000610351562,145.8419952392578,147.00900268554688,0
2024-08-20 03:00:00+00:00,146.9980010986328,147.34500122070312,146.77999877929688,147.0469970703125,0
2024-08-20 07:00:00+00:00,147.0469970703125,147.19400024414062,146.2270050048828,146.44500732421875,0
2024-08-20 11:00:00+00:00,146.44400024414062,146.55599975585938,145.51400756835938,145.5970001220703,0
2024-08-20 15:00:00+00:00,145.5959930419922,145.86700439453125,145.34100341796875,145.38400268554688,0
2024-08-20 19:00:00+00:00,145.38400268554688,145.43099975585938,144.9810028076172,145.13299560546875,0
2024-08-20 23:00:00+00:00,145.1179962158203,145.58399963378906,144.927001953125,145.38299560546875,0
2024-08-21 03:00:00+00:00,145.38299560546875,145.97900390625,145.35699462890625,145.94500732421875,0
2024-08-21 07:00:00+00:00,145.94700622558594,146.2259979248047,145.6840057373047,146.1750030517578,0
2024-08-21 11:00:00+00:00,146.1699981689453,146.89500427246094,145.4080047607422,145.63900756835938,0
2024-08-21 15:00:00+00:00,145.64599609375,145.64700317382812,144.4499969482422,144.74099731445312,0
2024-08-21 19:00:00+00:00,144.7429962158203,145.29299926757812,144.73399353027344,144.9810028076172,0
2024-08-21 23:00:00+00:00,144.88699340820312,145.64100646972656,144.83999633789062,145.44000244140625,0
2024-08-22 03:00:00+00:00,145.4459991455078,145.48199462890625,144.97900390625,145.3800048828125,0
2024-08-22 07:00:00+00:00,145.37899780273438,145.88800048828125,145.08299255371094,145.76100158691406,0
2024-08-22 11:00:00+00:00,145.76100158691406,146.52499389648438,145.73399353027344,146.22999572753906,0
2024-08-22 15:00:00+00:00,146.23300170898438,146.49099731445312,145.8699951171875,146.2169952392578,0
2024-08-22 19:00:00+00:00,146.2209930419922,146.3730010986328,146.14199829101562,146.16700744628906,0
2024-08-22 23:00:00+00:00,146.177001953125,146.33399963378906,145.2899932861328,145.5970001220703,0
2024-08-23 03:00:00+00:00,145.5989990234375,145.9010009765625,145.28500366210938,145.4510040283203,0
2024-08-23 07:00:00+00:00,145.4510040283203,146.1750030517578,145.4080047607422,146.01800537109375,0
2024-08-23 11:00:00+00:00,146.0189971923828,146.48300170898438,144.94500732421875,145.2030029296875,0
2024-08-23 15:00:00+00:00,145.20599365234375,145.21099853515625,144.1269989013672,144.28799438476562,0
2024-08-23 19:00:00+00:00,144.29100036621094,144.41099548339844,144.04200744628906,144.36700439453125,0
2024-08-25 23:00:00+00:00,143.89199829101562,144.052001953125,143.44000244140625,143.93099975585938,0
2024-08-26 03:00:00+00:00,143.9290008544922,144.21600341796875,143.67999267578125,143.76499938964844,0
2024-08-26 07:00:00+00:00,143.76400756835938,144.11900329589844,143.593994140625,144.031005859375,0
2024-08-26 11:00:00+00:00,144.0290069580078,144.45700073242188,143.85000610351562,144.14199829101562,0
2024-08-26 15:00:00+00:00,144.14500427246094,144.6540069580078,144.1300048828125,144.5019989013672,0
2024-08-26 19:00:00+00:00,144.5030059814453,144.61099243164062,144.31100463867188,144.38600158691406,0
2024-08-26 23:00:00+00:00,144.36099243164062,144.96200561523438,144.22799682617188,144.8699951171875,0
2024-08-27 03:00:00+00:00,144.86900329589844,144.9709930419922,144.5679931640625,144.82400512695312,0
2024-08-27 07:00:00+00:00,144.81900024414062,145.1750030517578,144.67599487304688,144.77699279785156,0
2024-08-27 11:00:00+00:00,144.7779998779297,144.8820037841797,144.1479949951172,144.2480010986328,0
2024-08-27 15:00:00+00:00,144.25,144.3679962158203,143.91200256347656,144.00999450683594,0
2024-08-27 19:00:00+00:00,144.01300048828125,144.06700134277344,143.677001953125,143.85499572753906,0
2024-08-27 23:00:00+00:00,143.86300659179688,144.4600067138672,143.71600341796875,144.43600463867188,0
2024-08-28 03:00:00+00:00,144.43899536132812,144.60299682617188,144.28399658203125,144.53399658203125,0
2024-08-28 07:00:00+00:00,144.5279998779297,144.5760040283203,144.05599975585938,144.40699768066406,0
2024-08-28 11:00:00+00:00,144.41000366210938,145.03900146484375,144.26499938964844,144.48899841308594,0
2024-08-28 15:00:00+00:00,144.48500061035156,144.8090057373047,144.34300231933594,144.6529998779297,0
2024-08-28 19:00:00+00:00,144.64700317382812,144.77000427246094,144.27499389648438,144.32200622558594,0
2024-08-28 23:00:00+00:00,144.29299926757812,144.69500732421875,144.21499633789062,144.58700561523438,0
2024-08-29 03:00:00+00:00,144.58099365234375,144.86199951171875,144.45399475097656,144.57899475097656,0
2024-08-29 07:00:00+00:00,144.58200073242188,144.843994140625,144.44000244140625,144.48699951171875,0
2024-08-29 11:00:00+00:00,144.48199462890625,145.55299377441406,144.4600067138672,145.3419952392578,0
2024-08-29 15:00:00+00:00,145.3470001220703,145.39100646972656,144.72300720214844,144.7740020751953,0
2024-08-29 19:00:00+00:00,144.7779998779297,145.0240020751953,144.75100708007812,144.8990020751953,0
2024-08-29 23:00:00+00:00,144.8939971923828,145.07200622558594,144.64700317382812,144.77000427246094,0
2024-08-30 03:00:00+00:00,144.77000427246094,145.0919952392578,144.74600219726562,144.9499969482422,0
2024-08-30 07:00:00+00:00,144.9550018310547,145.29400634765625,144.81199645996094,145.29200744628906,0
2024-08-30 11:00:00+00:00,145.28500366210938,145.74200439453125,145.22300720214844,145.59100341796875,0
2024-08-30 15:00:00+00:00,145.58999633789062,146.2469940185547,145.55599975585938,146.08799743652344,0
2024-08-30 19:00:00+00:00,146.08900451660156,146.2449951171875,146.06500244140625,146.16600036621094,0
2024-09-01 23:00:00+00:00,146.4429931640625,146.5970001220703,145.8979949951172,145.96600341796875,0
2024-09-02 03:00:00+00:00,145.9669952392578,146.29299926757812,145.76800537109375,146.15699768066406,0
2024-09-02 07:00:00+00:00,146.15699768066406,146.843994140625,146.1199951171875,146.80299377441406,0
2024-09-02 11:00:00+00:00,146.80099487304688,147.1750030517578,146.74400329589844,146.96200561523438,0
2024-09-02 15:00:00+00:00,146.96099853515625,147.0679931640625,146.802001953125,146.9010009765625,0
2024-09-02 19:00:00+00:00,146.89700317382812,146.9600067138672,146.80499267578125,146.9600067138672,0
2024-09-02 23:00:00+00:00,146.94700622558594,147.2100067138672,146.56100463867188,146.63900756835938,0
2024-09-03 03:00:00+00:00,146.63800048828125,146.73300170898438,145.98800659179688,146.01600646972656,0
2024-09-03 07:00:00+00:00,146.01600646972656,146.2429962158203,145.6020050048828,146.02999877929688,0
2024-09-03 11:00:00+00:00,146.03199768066406,146.28900146484375,145.09800720214844,145.56500244140625,0
2024-09-03 15:00:00+00:00,145.56399536132812,145.9219970703125,145.56399536132812,145.79600524902344,0
2024-09-03 19:00:00+00:00,145.80299377441406,145.83399963378906,145.26499938964844,145.32699584960938,0
2024-09-03 23:00:00+00:00,145.32899475097656,145.552001953125,144.88400268554688,145.4429931640625,0
2024-09-04 03:00:00+00:00,145.4429931640625,145.54600524902344,144.8520050048828,144.8719940185547,0
2024-09-04 07:00:00+00:00,144.8719940185547,145.2689971923828,144.7480010986328,145.0749969482422,0
2024-09-04 11:00:00+00:00,145.0679931640625,145.21800231933594,144.02000427246094,144.11900329589844,0
2024-09-04 15:00:00+00:00,144.11599731445312,144.41600036621094,143.85400390625,143.88600158691406,0
2024-09-04 19:00:00+00:00,143.88099670410156,143.94700622558594,143.50399780273438,143.63900756835938,0
2024-09-04 23:00:00+00:00,143.6199951171875,143.9029998779297,143.1790008544922,143.8280029296875,0
2024-09-05 03:00:00+00:00,143.82699584960938,143.8780059814453,143.04400634765625,143.23500061035156,0
2024-09-05 07:00:00+00:00,143.23599243164062,143.75,143.2220001220703,143.49000549316406,0
2024-09-05 11:00:00+00:00,143.49099731445312,144.22999572753906,142.84100341796875,143.91200256347656,0
2024-09-05 15:00:00+00:00,143.91099548339844,144.0260009765625,143.18600463867188,143.41799926757812,0
2024-09-05 19:00:00+00:00,143.41200256347656,143.5070037841797,143.30799865722656,143.43899536132812,0
2024-09-05 23:00:00+00:00,143.41000366210938,143.47999572753906,143.09500122070312,143.197998046875,0
2024-09-06 03:00:00+00:00,143.19500732421875,143.2239990234375,142.2519989013672,142.38999938964844,0
2024-09-06 07:00:00+00:00,142.39100646972656,142.95700073242188,142.05299377441406,142.85400390625,0
2024-09-06 11:00:00+00:00,142.85299682617188,144.04100036621094,141.97900390625,142.42999267578125,0
2024-09-06 15:00:00+00:00,142.43600463867188,142.75100708007812,141.76499938964844,142.36000061035156,0
2024-09-06 19:00:00+00:00,142.35699462890625,142.4770050048828,142.21499633789062,142.25100708007812,0
2024-09-08 23:00:00+00:00,142.14100646972656,142.98899841308594,142.08200073242188,142.81700134277344,0
2024-09-09 03:00:00+00:00,142.8159942626953,143.0959930419922,142.63499450683594,143.0,0
2024-09-09 07:00:00+00:00,143.0019989013672,143.77699279785156,142.99600219726562,143.66700744628906,0
2024-09-09 11:00:00+00:00,143.66799926757812,143.8000030517578,142.64999389648438,142.73699951171875,0
2024-09-09 15:00:00+00:00,142.7429962158203,143.01100158691406,142.70899963378906,142.8070068359375,0
2024-09-09 19:00:00+00:00,142.8070068359375,143.2100067138672,142.77499389648438,143.02699279785156,0
2024-09-09 23:00:00+00:00,143.03900146484375,143.54600524902344,143.03700256347656,143.40499877929688,0
2024-09-10 03:00:00+00:00,143.40499877929688,143.4530029296875,143.031005859375,143.3990020751953,0
2024-09-10 07:00:00+00:00,143.39700317382812,143.71099853515625,142.94700622558594,143.03900146484375,0
2024-09-10 11:00:00+00:00,143.03900146484375,143.18899536132812,142.5260009765625,142.71800231933594,0
2024-09-10 15:00:00+00:00,142.71600341796875,142.7310028076172,142.19200134277344,142.3419952392578,0
2024-09-10 19:00:00+00:00,142.3459930419922,142.49099731445312,142.28599548339844,142.46400451660156,0
2024-09-10 23:00:00+00:00,142.4429931640625,142.4669952392578,141.49400329589844,141.8280029296875,0
2024-09-11 03:00:00+00:00,141.83299255371094,141.9600067138672,140.70399475097656,141.37399291992188,0
2024-09-11 07:00:00+00:00,141.37100219726562,141.69900512695312,141.1649932861328,141.57000732421875,0
2024-09-11 11:00:00+00:00,141.5749969482422,142.54600524902344,141.24400329589844,141.427001953125,0
2024-09-11 15:00:00+00:00,141.42999267578125,142.32400512695312,141.3769989013672,142.19500732421875,0
2024-09-11 19:00:00+00:00,142.2010040283203,142.47000122070312,142.18800354003906,142.4550018310547,0
2024-09-11 23:00:00+00:00,142.45700073242188,142.94900512695312,142.25399780273438,142.52499389648438,0
2024-09-12 03:00:00+00:00,142.52699279785156,142.91400146484375,142.34800720214844,142.5749969482422,0
2024-09-12 07:00:00+00:00,142.5749969482422,143.04400634765625,142.51300048828125,142.61900329589844,0
2024-09-12 11:00:00+00:00,142.6179962158203,142.66099548339844,141.90699768066406,142.47799682617188,0
2024-09-12 15:00:00+00:00,142.48399353027344,142.65499877929688,141.9080047607422,142.02200317382812,0
2024-09-12 19:00:00+00:00,142.02099609375,142.08999633789062,141.69000244140625,141.80799865722656,0
2024-09-12 23:00:00+00:00,141.83900451660156,141.84100341796875,140.7740020751953,141.03500366210938,0
2024-09-13 03:00:00+00:00,141.03500366210938,141.1750030517578,140.63900756835938,141.08799743652344,0
2024-09-13 07:00:00+00:00,141.08700561523438,141.41400146484375,140.35800170898438,140.6929931640625,0
2024-09-13 11:00:00+00:00,140.69700622558594,141.02000427246094,140.2779998779297,140.63900756835938,0
2024-09-13 15:00:00+00:00,140.63900756835938,141.0070037841797,140.33799743652344,140.92799377441406,0
2024-09-13 19:00:00+00:00,140.93099975585938,140.96600341796875,140.76400756835938,140.76400756835938,0
2024-09-15 23:00:00+00:00,140.68600463867188,140.89700317382812,140.41799926757812,140.531005859375,0
2024-09-16 03:00:00+00:00,140.53399658203125,140.54299926757812,139.7209930419922,139.8509979248047,0
2024-09-16 07:00:00+00:00,139.8520050048828,140.27499389648438,139.57200622558594,140.12399291992188,0
2024-09-16 11:00:00+00:00,140.1199951171875,140.70799255371094,139.7480010986328,140.44700622558594,0
2024-09-16 15:00:00+00:00,140.4459991455078,140.91200256347656,140.4239959716797,140.71299743652344,0
2024-09-16 19:00:00+00:00,140.71299743652344,140.88099670410156,140.5449981689453,140.85899353027344,0
2024-09-16 23:00:00+00:00,140.86000061035156,141.24099731445312,140.31500244140625,140.572998046875,0
2024-09-17 03:00:00+00:00,140.57200622558594,140.8040008544922,140.45799255371094,140.67799377441406,0
2024-09-17 07:00:00+00:00,140.6790008544922,140.69700622558594,140.343994140625,140.6649932861328,0
2024-09-17 11:00:00+00:00,140.6649932861328,141.9010009765625,140.4770050048828,141.69500732421875,0
2024-09-17 15:00:00+00:00,141.69900512695312,142.00599670410156,141.57400512695312,141.80599975585938,0
2024-09-17 19:00:00+00:00,141.8090057373047,142.46499633789062,141.7760009765625,142.03500366210938,0
2024-09-17 23:00:00+00:00,142.0399932861328,142.0970001220703,141.375,141.46800231933594,0
2024-09-18 03:00:00+00:00,141.46800231933594,141.70399475097656,141.21800231933594,141.54200744628906,0
2024-09-18 07:00:00+00:00,141.5449981689453,141.99600219726562,141.52699279785156,141.60499572753906,0
2024-09-18 11:00:00+00:00,141.60400390625,142.0659942626953,141.55599975585938,141.9980010986328,0
2024-09-18 15:00:00+00:00,142.0019989013672,142.06399536132812,140.43299865722656,141.12600708007812,0
2024-09-18 19:00:00+00:00,141.31100463867188,142.71099853515625,141.31100463867188,142.09500122070312,0
2024-09-18 23:00:00+00:00,142.10699462890625,143.94400024414062,142.10400390625,143.19700622558594,0
2024-09-19 03:00:00+00:00,143.19700622558594,143.32000732421875,142.093994140625,142.2429962158203,0
2024-09-19 07:00:00+00:00,142.24600219726562,143.17100524902344,142.03500366210938,142.8300018310547,0
2024-09-19 11:00:00+00:00,142.8280029296875,143.76800537109375,142.70399475097656,142.9080047607422,0
2024-09-19 15:00:00+00:00,142.91099548339844,143.13400268554688,142.5240020751953,142.6580047607422,0
2024-09-19 19:00:00+00:00,142.66000366210938,142.74400329589844,142.51400756835938,142.58700561523438,0
2024-09-19 23:00:00+00:00,142.66000366210938,142.92599487304688,142.13600158691406,142.46200561523438,0
2024-09-20 03:00:00+00:00,142.46200561523438,143.04299926757812,141.73300170898438,142.97999572753906,0
2024-09-20 07:00:00+00:00,142.97900390625,144.26699829101562,142.8159942626953,144.2530059814453,0
2024-09-20 11:00:00+00:00,144.2530059814453,144.44500732421875,143.46299743652344,144.42300415039062,0
2024-09-20 15:00:00+00:00,144.41700744628906,144.4949951171875,143.64199829101562,143.8699951171875,0
2024-09-20 19:00:00+00:00,143.8699951171875,144.04800415039062,143.71499633789062,143.80799865722656,0
2024-09-22 23:00:00+00:00,143.92300415039062,144.45899963378906,143.802001953125,144.35699462890625,0
2024-09-23 03:00:00+00:00,144.36099243164062,144.4010009765625,143.86199951171875,143.98899841308594,0
2024-09-23 07:00:00+00:00,143.98800659179688,144.04100036621094,143.2740020751953,143.37100219726562,0
2024-09-23 11:00:00+00:00,143.3679962158203,144.34500122070312,143.16000366210938,143.77099609375,0
2024-09-23 15:00:00+00:00,143.77099609375,143.94200134277344,143.2480010986328,143.31900024414062,0
2024-09-23 19:00:00+00:00,143.31700134277344,143.6999969482422,143.3159942626953,143.6280059814453,0
2024-09-23 23:00:00+00:00,143.62399291992188,143.91099548339844,143.3699951171875,143.66600036621094,0
2024-09-24 03:00:00+00:00,143.66299438476562,144.4669952392578,143.56399536132812,144.42599487304688,0
2024-09-24 07:00:00+00:00,144.4219970703125,144.677001953125,143.87100219726562,143.93499755859375,0
2024-09-24 11:00:00+00:00,143.93499755859375,144.20700073242188,143.42599487304688,143.6699981689453,0
2024-09-24 15:00:00+00:00,143.6699981689453,143.8699951171875,143.26800537109375,143.38299560546875,0
2024-09-24 19:00:00+00:00,143.38400268554688,143.43600463867188,142.88400268554688,143.0330047607422,0
2024-09-24 23:00:00+00:00,143.04299926757812,143.49400329589844,142.9040069580078,143.34500122070312,0
2024-09-25 03:00:00+00:00,143.3470001220703,143.73899841308594,143.1739959716797,143.67799377441406,0
2024-09-25 07:00:00+00:00,143.67999267578125,144.29600524902344,143.57200622558594,144.28199768066406,0
2024-09-25 11:00:00+00:00,144.28199768066406,144.44200134277344,143.85400390625,144.35800170898438,0
2024-09-25 15:00:00+00:00,144.35699462890625,144.74099731445312,144.30599975585938,144.67599487304688,0
2024-09-25 19:00:00+00:00,144.677001953125,144.8419952392578,144.53599548339844,144.64300537109375,0
2024-09-25 23:00:00+00:00,144.64700317382812,144.94500732421875,144.43800354003906,144.8300018310547,0
2024-09-26 03:00:00+00:00,144.8350067138672,145.03700256347656,144.61199951171875,144.82899475097656,0
2024-09-26 07:00:00+00:00,144.8300018310547,145.19900512695312,144.33299255371094,144.35699462890625,0
2024-09-26 11:00:00+00:00,144.35699462890625,145.22000122070312,144.10400390625,144.83200073242188,0
2024-09-26 15:00:00+00:00,144.83299255371094,144.94700622558594,144.5330047607422,144.62399291992188,0
2024-09-26 19:00:00+00:00,144.6199951171875,144.97000122070312,144.50399780273438,144.85699462890625,0
2024-09-26 23:00:00+00:00,144.8679962158203,145.5760040283203,144.86700439453125,145.09100341796875,0
2024-09-27 03:00:00+00:00,145.08700561523438,146.49099731445312,143.1300048828125,143.17100524902344,0
2024-09-27 07:00:00+00:00,143.17100524902344,143.7689971923828,142.77000427246094,143.218994140625,0
2024-09-27 11:00:00+00:00,143.22300720214844,143.36500549316406,142.3800048828125,142.85699462890625,0
2024-09-27 15:00:00+00:00,142.8560028076172,143.08599853515625,142.0749969482422,142.16799926757812,0
2024-09-27 19:00:00+00:00,142.1699981689453,142.28199768066406,142.06199645996094,142.14999389648438,0
2024-09-29 23:00:00+00:00,142.6699981689453,142.95199584960938,142.26400756835938,142.5260009765625,0
2024-09-30 03:00:00+00:00,142.52200317382812,142.5260009765625,141.63800048828125,142.04800415039062,0
2024-09-30 07:00:00+00:00,142.05299377441406,142.79800415039062,141.9250030517578,142.593994140625,0
2024-09-30 11:00:00+00:00,142.6020050048828,143.19000244140625,142.3979949951172,143.0330047607422,0
2024-09-30 15:00:00+00:00,143.03199768066406,143.9149932861328,142.92300415039062,143.6840057373047,0
2024-09-30 19:00:00+00:00,143.6820068359375,143.90899658203125,143.5279998779297,143.55499267578125,0
2024-09-30 23:00:00+00:00,143.552001953125,144.13099670410156,143.36599731445312,144.0019989013672,0
2024-10-01 03:00:00+00:00,144.00399780273438,144.52999877929688,143.947998046875,144.343994140625,0
2024-10-01 07:00:00+00:00,144.33299255371094,144.3489990234375,143.61599731445312,143.73399353027344,0
2024-10-01 11:00:00+00:00,143.73599243164062,144.0709991455078,142.96400451660156,143.59800720214844,0
2024-10-01 15:00:00+00:00,143.60299682617188,143.9219970703125,143.2570037841797,143.66600036621094,0
2024-10-01 19:00:00+00:00,143.66700744628906,143.7429962158203,143.4149932861328,143.4929962158203,0
2024-10-01 23:00:00+00:00,143.51199340820312,144.0240020751953,143.5019989013672,144.0,0
2024-10-02 03:00:00+00:00,143.9969940185547,144.18499755859375,143.5240020751953,143.89300537109375,0
2024-10-02 07:00:00+00:00,143.89300537109375,144.85499572753906,143.89300537109375,144.79100036621094,0
2024-10-02 11:00:00+00:00,144.78599548339844,146.26499938964844,144.6179962158203,146.1929931640625,0
2024-10-02 15:00:00+00:00,146.18899536132812,146.3730010986328,145.90699768066406,146.33299255371094,0
2024-10-02 19:00:00+00:00,146.33200073242188,146.91600036621094,146.2729949951172,146.57000732421875,0
2024-10-02 23:00:00+00:00,146.59100341796875,147.23899841308594,146.427001953125,146.7760009765625,0
2024-10-03 03:00:00+00:00,146.77999877929688,146.96400451660156,146.468994140625,146.7220001220703,0
2024-10-03 07:00:00+00:00,146.72300720214844,146.98800659179688,146.29600524902344,146.83200073242188,0
2024-10-03 11:00:00+00:00,146.8350067138672,147.17999267578125,146.46800231933594,146.7729949951172,0
2024-10-03 15:00:00+00:00,146.77000427246094,146.927001953125,146.57400512695312,146.86900329589844,0
2024-10-03 19:00:00+00:00,146.86900329589844,146.9669952392578,146.75599670410156,146.86099243164062,0
2024-10-03 23:00:00+00:00,146.8489990234375,146.9320068359375,146.38800048828125,146.406005859375,0
2024-10-04 03:00:00+00:00,146.4080047607422,146.4980010986328,145.91200256347656,146.22000122070312,0
2024-10-04 07:00:00+00:00,146.218994140625,146.56199645996094,146.1739959716797,146.4969940185547,0
2024-10-04 11:00:00+00:00,146.4929962158203,148.80599975585938,146.42799377441406,148.4949951171875,0
2024-10-04 15:00:00+00:00,148.4969940185547,149.0050048828125,148.41600036621094,148.87100219726562,0
2024-10-04 19:00:00+00:00,148.86399841308594,148.89500427246094,148.6280059814453,148.6790008544922,0
2024-10-06 23:00:00+00:00,148.93600463867188,149.11300659179688,148.2169952392578,148.5780029296875,0
2024-10-07 03:00:00+00:00,148.5800018310547,148.64700317382812,148.33200073242188,148.38499450683594,0
2024-10-07 07:00:00+00:00,148.38299560546875,148.6439971923828,148.0570068359375,148.63299560546875,0
2024-10-07 11:00:00+00:00,148.63499450683594,148.68499755859375,147.8300018310547,148.22000122070312,0
2024-10-07 15:00:00+00:00,148.2209930419922,148.2790069580078,147.88099670410156,148.1020050048828,0
2024-10-07 19:00:00+00:00,148.10299682617188,148.22900390625,147.70799255371094,147.70799255371094,0
2024-10-07 23:00:00+00:00,147.6959991455078,148.1909942626953,147.50399780273438,147.68899536132812,0
2024-10-08 03:00:00+00:00,147.68899536132812,148.16200256347656,147.67999267578125,147.98500061035156,0
2024-10-08 07:00:00+00:00,147.96299743652344,148.05999755859375,147.34100341796875,147.8769989013672,0
2024-10-08 11:00:00+00:00,147.87600708007812,148.3350067138672,147.80499267578125,148.30799865722656,0
2024-10-08 15:00:00+00:00,148.31100463867188,148.36599731445312,148.03599548339844,148.35299682617188,0
2024-10-08 19:00:00+00:00,148.35000610351562,148.3820037841797,148.14199829101562,148.19000244140625,0
2024-10-08 23:00:00+00:00,148.19700622558594,148.43099975585938,148.00599670410156,148.27099609375,0
2024-10-09 03:00:00+00:00,148.27099609375,148.6529998779297,148.177001953125,148.4429931640625,0
2024-10-09 07:00:00+00:00,148.4409942626953,148.7550048828125,148.25999450683594,148.5970001220703,0
2024-10-09 11:00:00+00:00,148.60000610351562,149.177001953125,148.50599670410156,149.14599609375,0
2024-10-09 15:00:00+00:00,149.14500427246094,149.36500549316406,149.06700134277344,149.3560028076172,0
2024-10-09 19:00:00+00:00,149.36099243164062,149.36399841308594,149.03799438476562,149.23399353027344,0
2024-10-09 23:00:00+00:00,149.22799682617188,149.29299926757812,148.9969940185547,149.2100067138672,0
2024-10-10 03:00:00+00:00,149.20799255371094,149.54400634765625,149.04400634765625,149.11700439453125,0
2024-10-10 07:00:00+00:00,149.11399841308594,149.2100067138672,148.77099609375,148.84500122070312,0
2024-10-10 11:00:00+00:00,148.84100341796875,149.57200622558594,148.2259979248047,148.7169952392578,0
2024-10-10 15:00:00+00:00,148.71200561523438,149.08399963378906,148.43699645996094,148.75100708007812,0
2024-10-10 19:00:00+00:00,148.75100708007812,148.7550048828125,148.47300720214844,148.64100646972656,0
2024-10-10 23:00:00+00:00,148.65899658203125,148.79800415039062,148.39599609375,148.66600036621094,0
2024-10-11 03:00:00+00:00,148.66600036621094,148.85699462890625,148.5760040283203,148.69200134277344,0
2024-10-11 07:00:00+00:00,148.68899536132812,149.08299255371094,148.656005859375,149.0540008544922,0
2024-10-11 11:00:00+00:00,149.0590057373047,149.2830047607422,148.76800537109375,149.2570037841797,0
2024-10-11 15:00:00+00:00,149.25799560546875,149.27000427246094,148.9499969482422,149.10800170898438,0
2024-10-11 19:00:00+00:00,149.10899353027344,149.17599487304688,149.07000732421875,149.08999633789062,0
2024-10-13 23:00:00+00:00,149.33299255371094,149.39100646972656,149.13699340820312,149.31500244140625,0
2024-10-14 03:00:00+00:00,149.31700134277344,149.35299682617188,149.16400146484375,149.2050018310547,0
2024-10-14 07:00:00+00:00,149.2100067138672,149.53900146484375,149.18299865722656,149.51499938964844,0
2024-10-14 11:00:00+00:00,149.51199340820312,149.9600067138672,149.5019989013672,149.84100341796875,0
2024-10-14 15:00:00+00:00,149.83399963378906,149.9409942626953,149.7969970703125,149.9010009765625,0
2024-10-14 19:00:00+00:00,149.90199279785156,149.9810028076172,149.70399475097656,149.7259979248047,0
2024-10-14 23:00:00+00:00,149.72999572753906,149.83700561523438,149.43499755859375,149.61500549316406,0
2024-10-15 03:00:00+00:00,149.62100219726562,149.75799560546875,149.30099487304688,149.3070068359375,0
2024-10-15 07:00:00+00:00,149.3070068359375,149.3350067138672,148.84500122070312,149.1439971923828,0
2024-10-15 11:00:00+00:00,149.13900756835938,149.41799926757812,148.93299865722656,149.2310028076172,0
2024-10-15 15:00:00+00:00,149.22799682617188,149.54400634765625,149.16400146484375,149.27699279785156,0
2024-10-15 19:00:00+00:00,149.2760009765625,149.34100341796875,149.1479949951172,149.23300170898438,0
2024-10-15 23:00:00+00:00,149.2259979248047,149.33799743652344,148.86000061035156,149.08700561523438,0
2024-10-16 03:00:00+00:00,149.0850067138672,149.37399291992188,149.0279998779297,149.26699829101562,0
2024-10-16 07:00:00+00:00,149.25999450683594,149.49000549316406,149.16200256347656,149.3820037841797,0
2024-10-16 11:00:00+00:00,149.38099670410156,149.74600219726562,149.13900756835938,149.63600158691406,0
2024-10-16 15:00:00+00:00,149.6269989013672,149.80099487304688,149.5399932861328,149.7760009765625,0
2024-10-16 19:00:00+00:00,149.77499389648438,149.8070068359375,149.51600646972656,149.57000732421875,0
2024-10-16 23:00:00+00:00,149.5709991455078,149.66299438476562,149.23800659179688,149.40899658203125,0
2024-10-17 03:00:00+00:00,149.40699768066406,149.6479949951172,149.38800048828125,149.63099670410156,0
2024-10-17 07:00:00+00:00,149.62899780273438,149.87100219726562,149.54400634765625,149.61900329589844,0
2024-10-17 11:00:00+00:00,149.6179962158203,150.08299255371094,149.45899963378906,150.0229949951172,0
2024-10-17 15:00:00+00:00,150.02099609375,150.2989959716797,149.92999267578125,150.27200317382812,0
2024-10-17 19:00:00+00:00,150.27699279785156,150.32200622558594,150.11900329589844,150.20399475097656,0
2024-10-17 23:00:00+00:00,150.20899963378906,150.28599548339844,149.86900329589844,149.9199981689453,0
2024-10-18 03:00:00+00:00,149.9239959716797,150.01800537109375,149.76400756835938,149.95899963378906,0
2024-10-18 07:00:00+00:00,149.9600067138672,150.156005859375,149.572998046875,149.94000244140625,0
2024-10-18 11:00:00+00:00,149.93899536132812,150.10000610351562,149.58399963378906,149.5989990234375,0
2024-10-18 15:00:00+00:00,149.6020050048828,149.6510009765625,149.35800170898438,149.5279998779297,0
2024-10-18 19:00:00+00:00,149.52999877929688,149.5749969482422,149.4409942626953,149.48500061035156,0
2024-10-20 23:00:00+00:00,149.56399536132812,149.62600708007812,149.08900451660156,149.2259979248047,0
2024-10-21 03:00:00+00:00,149.22500610351562,149.64500427246094,149.0850067138672,149.6269989013672,0
2024-10-21 07:00:00+00:00,149.63099670410156,150.0919952392578,149.61599731445312,149.94200134277344,0
2024-10-21 11:00:00+00:00,149.93800354003906,150.27699279785156,149.74200439453125,150.23199462890625,0
2024-10-21 15:00:00+00:00,150.23800659179688,150.83399963378906,150.18899536132812,150.7760009765625,0
2024-10-21 19:00:00+00:00,150.7740020751953,150.88699340820312,150.59300231933594,150.68600463867188,0
2024-10-21 23:00:00+00:00,150.6790008544922,150.84500122070312,150.49000549316406,150.83099365234375,0
2024-10-22 03:00:00+00:00,150.8300018310547,151.10299682617188,150.6580047607422,150.8260040283203,0
2024-10-22 07:00:00+00:00,150.8260040283203,151.06100463867188,150.68800354003906,150.84100341796875,0
2024-10-22 11:00:00+00:00,150.83999633789062,151.072998046875,150.60000610351562,150.9770050048828,0
2024-10-22 15:00:00+00:00,150.97000122070312,151.1959991455078,150.89100646972656,151.05999755859375,0
2024-10-22 19:00:00+00:00,151.06399536132812,151.15199279785156,150.96200561523438,151.06100463867188,0
2024-10-22 23:00:00+00:00,151.05999755859375,151.80499267578125,151.0399932861328,151.74099731445312,0
2024-10-23 03:00:00+00:00,151.74099731445312,152.37899780273438,151.71600341796875,152.29299926757812,0
2024-10-23 07:00:00+00:00,152.29200744628906,152.8769989013672,152.26600646972656,152.81900024414062,0
2024-10-23 11:00:00+00:00,152.82400512695312,153.18699645996094,152.75799560546875,153.02499389648438,0
2024-10-23 15:00:00+00:00,153.02499389648438,153.05099487304688,152.46200561523438,152.66299438476562,0
2024-10-23 19:00:00+00:00,152.66299438476562,152.82699584960938,152.54800415039062,152.75599670410156,0
2024-10-23 23:00:00+00:00,152.7480010986328,152.7989959716797,152.33599853515625,152.427001953125,0
2024-10-24 03:00:00+00:00,152.427001953125,152.51800537109375,152.04400634765625,152.0540008544922,0
2024-10-24 07:00:00+00:00,152.05099487304688,152.31700134277344,151.8179931640625,151.85499572753906,0
2024-10-24 11:00:00+00:00,151.85000610351562,152.33299255371094,151.75999450683594,151.92599487304688,0
2024-10-24 15:00:00+00:00,151.92300415039062,151.9770050048828,151.54600524902344,151.81700134277344,0
2024-10-24 19:00:00+00:00,151.82000732421875,151.90199279785156,151.677001953125,151.69500732421875,0
2024-10-24 23:00:00+00:00,151.68800354003906,152.1060028076172,151.5760040283203,151.83399963378906,0
2024-10-25 03:00:00+00:00,151.8280029296875,152.00599670410156,151.45199584960938,151.86300659179688,0
2024-10-25 07:00:00+00:00,151.86300659179688,152.09500122070312,151.81900024414062,151.89300537109375,0
2024-10-25 11:00:00+00:00,151.89599609375,152.16200256347656,151.69200134277344,152.0260009765625,0
2024-10-25 15:00:00+00:00,152.0279998779297,152.29600524902344,151.9199981689453,152.24000549316406,0
2024-10-25 19:00:00+00:00,152.2469940185547,152.3800048828125,152.177001953125,152.29800415039062,0
2024-10-28 00:00:00+00:00,152.9550018310547,153.8820037841797,152.76499938964844,153.62600708007812,0
2024-10-28 04:00:00+00:00,153.6269989013672,153.7469940185547,153.156005859375,153.3260040283203,0
2024-10-28 08:00:00+00:00,153.35000610351562,153.4290008544922,152.44400024414062,152.68299865722656,0
2024-10-28 12:00:00+00:00,152.72799682617188,153.23500061035156,152.4029998779297,153.21299743652344,0
2024-10-28 16:00:00+00:00,153.20599365234375,153.3769989013672,153.1269989013672,153.22799682617188,0
2024-10-28 20:00:00+00:00,153.22900390625,153.35899353027344,153.16099548339844,153.177001953125,0
2024-10-29 00:00:00+00:00,153.13900756835938,153.24200439453125,152.843994140625,153.03700256347656,0
2024-10-29 04:00:00+00:00,153.03700256347656,153.2779998779297,152.75,153.16600036621094,0
2024-10-29 08:00:00+00:00,153.23199462890625,153.6739959716797,153.15499877929688,153.6739959716797,0
2024-10-29 12:00:00+00:00,153.67599487304688,153.86599731445312,152.93600463867188,153.49400329589844,0
2024-10-29 16:00:00+00:00,153.48899841308594,153.59800720214844,153.30499267578125,153.42100524902344,0
2024-10-29 20:00:00+00:00,153.4250030517578,153.44500732421875,153.1510009765625,153.28500366210938,0
2024-10-30 00:00:00+00:00,153.25900268554688,153.4409942626953,153.0679931640625,153.3419952392578,0
2024-10-30 04:00:00+00:00,153.33599853515625,153.46299743652344,153.18699645996094,153.32899475097656,0
2024-10-30 08:00:00+00:00,153.32400512695312,153.36199951171875,152.77499389648438,153.0279998779297,0
2024-10-30 12:00:00+00:00,153.02999877929688,153.4949951171875,152.86500549316406,153.1529998779297,0
2024-10-30 16:00:00+00:00,153.1510009765625,153.4320068359375,152.9980010986328,153.29800415039062,0
2024-10-30 20:00:00+00:00,153.2989959716797,153.4290008544922,153.1999969482422,153.24099731445312,0
2024-10-31 00:00:00+00:00,153.23399353027344,153.61599731445312,152.93699645996094,153.05099487304688,0
2024-10-31 04:00:00+00:00,153.05099487304688,153.0850067138672,152.04800415039062,152.24899291992188,0
2024-10-31 08:00:00+00:00,152.25100708007812,152.8470001220703,151.91600036621094,152.7220001220703,0
2024-10-31 12:00:00+00:00,152.71800231933594,153.0500030517578,152.0749969482422,152.3560028076172,0
2024-10-31 16:00:00+00:00,152.3560028076172,152.50999450683594,151.8280029296875,151.9340057373047,0
2024-10-31 20:00:00+00:00,151.92599487304688,152.13699340820312,151.7779998779297,151.92799377441406,0
2024-11-01 00:00:00+00:00,151.9810028076172,152.42300415039062,151.86900329589844,152.41600036621094,0
2024-11-01 04:00:00+00:00,152.41200256347656,152.65199279785156,152.197998046875,152.54200744628906,0
2024-11-01 08:00:00+00:00,152.5449981689453,152.84800720214844,152.51800537109375,152.66900634765625,0
2024-11-01 12:00:00+00:00,152.66799926757812,153.0679931640625,151.78700256347656,152.94400024414062,0
2024-11-01 16:00:00+00:00,152.93800354003906,153.0679931640625,152.82400512695312,152.968994140625,0
2024-11-01 20:00:00+00:00,152.96800231933594,153.093994140625,152.89599609375,152.9459991455078,0
2024-11-04 00:00:00+00:00,152.28700256347656,152.28799438476562,151.593994140625,151.73399353027344,0
2024-11-04 04:00:00+00:00,151.73500061035156,152.2790069580078,151.68699645996094,152.177001953125,0
2024-11-04 08:00:00+00:00,152.1719970703125,152.22799682617188,151.5279998779297,151.5500030517578,0
2024-11-04 12:00:00+00:00,151.55099487304688,152.10400390625,151.54200744628906,151.98800659179688,0
2024-11-04 16:00:00+00:00,151.99099731445312,152.197998046875,151.88699340820312,152.1490020751953,0
2024-11-04 20:00:00+00:00,152.1479949951172,152.26499938964844,152.0679931640625,152.2469940185547,0
2024-11-05 00:00:00+00:00,152.2729949951172,152.44500732421875,152.10699462890625,152.3780059814453,0
2024-11-05 04:00:00+00:00,152.38099670410156,152.54400634765625,152.17599487304688,152.26699829101562,0
2024-11-05 08:00:00+00:00,152.27099609375,152.38600158691406,152.08200073242188,152.1540069580078,0
2024-11-05 12:00:00+00:00,152.1529998779297,152.33999633789062,151.76800537109375,152.04200744628906,0
2024-11-05 16:00:00+00:00,152.04200744628906,152.0959930419922,151.33200073242188,151.4510040283203,0
2024-11-05 20:00:00+00:00,151.4530029296875,151.906005859375,151.38699340820312,151.46099853515625,0
2024-11-06 00:00:00+00:00,151.44200134277344,154.33799743652344,151.28199768066406,153.93600463867188,0
2024-11-06 04:00:00+00:00,153.93499755859375,154.38099670410156,153.125,153.94000244140625,0
2024-11-06 08:00:00+00:00,153.93699645996094,154.25399780273438,153.79299926757812,154.218994140625,0
2024-11-06 12:00:00+00:00,154.21499633789062,154.47799682617188,153.97500610351562,154.3470001220703,0
2024-11-06 16:00:00+00:00,154.35400390625,154.697998046875,154.20399475097656,154.44200134277344,0
2024-11-06 20:00:00+00:00,154.4459991455078,154.66000366210938,154.20700073242188,154.30799865722656,0
2024-11-07 00:00:00+00:00,154.3070068359375,154.71299743652344,154.218994140625,154.3159942626953,0
2024-11-07 04:00:00+00:00,154.32000732421875,154.375,153.6479949951172,154.00100708007812,0
2024-11-07 08:00:00+00:00,154.0,154.13400268554688,153.80999755859375,154.0659942626953,0
2024-11-07 12:00:00+00:00,154.06300354003906,154.11000061035156,152.84800720214844,152.96099853515625,0
2024-11-07 16:00:00+00:00,152.96099853515625,153.4720001220703,152.8470001220703,153.0760040283203,0
2024-11-07 20:00:00+00:00,153.08099365234375,153.18800354003906,152.68699645996094,153.15199279785156,0
2024-11-08 00:00:00+00:00,153.1699981689453,153.36599731445312,152.7270050048828,152.80999755859375,0
2024-11-08 04:00:00+00:00,152.81100463867188,152.95599365234375,152.5469970703125,152.63699340820312,0
2024-11-08 08:00:00+00:00,152.63800048828125,152.7469940185547,152.13600158691406,152.42599487304688,0
2024-11-08 12:00:00+00:00,152.4250030517578,152.85899353027344,152.3280029296875,152.42100524902344,0
2024-11-08 16:00:00+00:00,152.4219970703125,152.8159942626953,152.40499877929688,152.6719970703125,0
2024-11-08 20:00:00+00:00,152.6699981689453,152.75399780273438,152.42799377441406,152.6199951171875,0
2024-11-11 00:00:00+00:00,152.90699768066406,153.46099853515625,152.86500549316406,153.44900512695312,0
2024-11-11 04:00:00+00:00,153.4459991455078,153.67100524902344,153.31199645996094,153.63299560546875,0
2024-11-11 08:00:00+00:00,153.63800048828125,153.85499572753906,153.5500030517578,153.75399780273438,0
2024-11-11 12:00:00+00:00,153.75100708007812,153.95199584960938,153.63999938964844,153.85899353027344,0
2024-11-11 16:00:00+00:00,153.85800170898438,153.91099548339844,153.7209930419922,153.76400756835938,0
2024-11-11 20:00:00+00:00,153.76499938964844,153.77000427246094,153.46499633789062,153.47300720214844,0
2024-11-12 00:00:00+00:00,153.51800537109375,154.06100463867188,153.47999572753906,153.65199279785156,0
2024-11-12 04:00:00+00:00,153.656005859375,153.89199829101562,153.4029998779297,153.822998046875,0
2024-11-12 08:00:00+00:00,153.822998046875,154.16700744628906,153.7010040283203,154.07200622558594,0
2024-11-12 12:00:00+00:00,154.072998046875,154.5500030517578,153.99600219726562,154.51699829101562,0
2024-11-12 16:00:00+00:00,154.52000427246094,154.9250030517578,154.45599365234375,154.7480010986328,0
2024-11-12 20:00:00+00:00,154.74899291992188,154.78500366210938,154.48899841308594,154.66099548339844,0
2024-11-13 00:00:00+00:00,154.6529998779297,154.93899536132812,154.5330047607422,154.80299377441406,0
2024-11-13 04:00:00+00:00,154.8040008544922,155.15499877929688,154.74600219726562,155.11399841308594,0
2024-11-13 08:00:00+00:00,155.11199951171875,155.23800659179688,154.79200744628906,154.81900024414062,0
2024-11-13 12:00:00+00:00,154.8179931640625,155.13900756835938,154.3350067138672,154.98300170898438,0
2024-11-13 16:00:00+00:00,154.98800659179688,155.6280059814453,154.97799682617188,155.5449981689453,0
2024-11-13 20:00:00+00:00,155.54400634765625,155.59800720214844,155.31500244140625,155.41900634765625,0
2024-11-14 00:00:00+00:00,155.41000366210938,156.06300354003906,155.3979949951172,155.947998046875,0
2024-11-14 04:00:00+00:00,155.9459991455078,156.13499450683594,155.697998046875,155.83999633789062,0
2024-11-14 08:00:00+00:00,155.83200073242188,156.24200439453125,155.73599243164062,155.9219970703125,0
2024-11-14 12:00:00+00:00,155.91600036621094,156.1959991455078,155.51499938964844,155.95199584960938,0
2024-11-14 16:00:00+00:00,155.947998046875,156.04200744628906,155.6699981689453,155.92100524902344,0
2024-11-14 20:00:00+00:00,155.91900634765625,156.53500366210938,155.88299560546875,156.50100708007812,0
2024-11-15 00:00:00+00:00,156.4810028076172,156.7480010986328,156.27000427246094,156.5,0
2024-11-15 04:00:00+00:00,156.50100708007812,156.54800415039062,155.75599670410156,155.77999877929688,0
2024-11-15 08:00:00+00:00,155.7790069580078,155.77999877929688,155.21400451660156,155.4949951171875,0
2024-11-15 12:00:00+00:00,155.49400329589844,155.781005859375,154.8350067138672,154.94900512695312,0
2024-11-15 16:00:00+00:00,154.94900512695312,155.01699829101562,153.85699462890625,154.21299743652344,0
2024-11-15 20:00:00+00:00,154.21400451660156,154.47999572753906,154.1699981689453,154.31199645996094,0
2024-11-18 00:00:00+00:00,154.63600158691406,155.13800048828125,153.83399963378906,154.6490020751953,0
2024-11-18 04:00:00+00:00,154.65499877929688,154.76600646972656,154.29299926757812,154.5659942626953,0
2024-11-18 08:00:00+00:00,154.56700134277344,155.12600708007812,154.4980010986328,155.0570068359375,0
2024-11-18 12:00:00+00:00,155.05599975585938,155.35899353027344,154.57699584960938,154.99200439453125,0
2024-11-18 16:00:00+00:00,154.99200439453125,155.0659942626953,154.56399536132812,154.74099731445312,0
2024-11-18 20:00:00+00:00,154.74000549316406,154.74200439453125,154.41600036621094,154.61199951171875,0
2024-11-19 00:00:00+00:00,154.61000061035156,154.61399841308594,153.94700622558594,154.1750030517578,0
2024-11-19 04:00:00+00:00,154.177001953125,154.656005859375,154.10699462890625,154.5260009765625,0
2024-11-19 08:00:00+00:00,154.52699279785156,154.57400512695312,153.27200317382812,154.093994140625,0
2024-11-19 12:00:00+00:00,154.07699584960938,154.23300170898438,153.40499877929688,153.96299743652344,0
2024-11-19 16:00:00+00:00,153.95700073242188,154.7969970703125,153.91200256347656,154.69400024414062,0
2024-11-19 20:00:00+00:00,154.6959991455078,154.7550048828125,154.51800537109375,154.71499633789062,0
2024-11-20 00:00:00+00:00,154.7169952392578,154.98800659179688,154.58099365234375,154.9499969482422,0
2024-11-20 04:00:00+00:00,154.9550018310547,155.6820068359375,154.93899536132812,155.656005859375,0
2024-11-20 08:00:00+00:00,155.6580047607422,155.86399841308594,155.5760040283203,155.83200073242188,0
2024-11-20 12:00:00+00:00,155.8300018310547,155.88600158691406,155.052001953125,155.52999877929688,0
2024-11-20 16:00:00+00:00,155.52200317382812,155.61099243164062,155.17799377441406,155.36500549316406,0
2024-11-20 20:00:00+00:00,155.36300659179688,155.54299926757812,155.22799682617188,155.2949981689453,0
2024-11-21 00:00:00+00:00,155.2740020751953,155.2989959716797,154.87100219726562,154.9250030517578,0
2024-11-21 04:00:00+00:00,154.9219970703125,155.26300048828125,154.552001953125,154.9010009765625,0
2024-11-21 08:00:00+00:00,154.90499877929688,155.03700256347656,154.0800018310547,154.5279998779297,0
2024-11-21 12:00:00+00:00,154.53199768066406,154.7169952392578,153.90199279785156,154.31900024414062,0
2024-11-21 16:00:00+00:00,154.32000732421875,154.6999969482422,154.30599975585938,154.5070037841797,0
2024-11-21 20:00:00+00:00,154.50599670410156,154.5919952392578,154.1009979248047,154.1490020751953,0
2024-11-22 00:00:00+00:00,154.15499877929688,154.49600219726562,153.9600067138672,154.26499938964844,0
2024-11-22 04:00:00+00:00,154.26400756835938,154.95700073242188,154.26300048828125,154.72500610351562,0
2024-11-22 08:00:00+00:00,154.7270050048828,154.86900329589844,154.24200439453125,154.31199645996094,0
2024-11-22 12:00:00+00:00,154.31300354003906,155.00399780273438,154.18600463867188,154.8820037841797,0
2024-11-22 16:00:00+00:00,154.906005859375,154.9239959716797,154.6580047607422,154.7989959716797,0
2024-11-22 20:00:00+00:00,154.79800415039062,154.88699340820312,154.68800354003906,154.72999572753906,0
2024-11-25 00:00:00+00:00,154.15199279785156,154.23500061035156,153.5449981689453,153.9459991455078,0
2024-11-25 04:00:00+00:00,153.9409942626953,154.55799865722656,153.93499755859375,154.53799438476562,0
2024-11-25 08:00:00+00:00,154.53799438476562,154.72300720214844,154.31199645996094,154.5019989013672,0
2024-11-25 12:00:00+00:00,154.5,154.56199645996094,153.62399291992188,154.3719940185547,0
2024-11-25 16:00:00+00:00,154.36300659179688,154.51699829101562,153.99099731445312,154.13299560546875,0
2024-11-25 20:00:00+00:00,154.13299560546875,154.48500061035156,153.87600708007812,154.36000061035156,0
2024-11-26 00:00:00+00:00,154.3800048828125,154.4149932861328,153.71800231933594,153.73699951171875,0
2024-11-26 04:00:00+00:00,153.73899841308594,154.2209930419922,153.5399932861328,154.02999877929688,0
2024-11-26 08:00:00+00:00,154.03599548339844,154.12100219726562,153.70399475097656,153.7779998779297,0
2024-11-26 12:00:00+00:00,153.77699279785156,153.8040008544922,152.98300170898438,153.46200561523438,0
2024-11-26 16:00:00+00:00,153.46600341796875,153.68299865722656,153.07400512695312,153.10899353027344,0
2024-11-26 20:00:00+00:00,153.1060028076172,153.23300170898438,152.94200134277344,152.96400451660156,0
2024-11-27 00:00:00+00:00,152.92599487304688,153.03199768066406,152.3769989013672,152.44500732421875,0
2024-11-27 04:00:00+00:00,152.4459991455078,152.4770050048828,151.83700561523438,151.95199584960938,0
2024-11-27 08:00:00+00:00,151.94700622558594,151.95700073242188,151.22000122070312,151.48500061035156,0
2024-11-27 12:00:00+00:00,151.48399353027344,151.8040008544922,150.927001953125,151.0989990234375,0
2024-11-27 16:00:00+00:00,151.1009979248047,151.3730010986328,150.44900512695312,151.0189971923828,0
2024-11-27 20:00:00+00:00,151.01800537109375,151.37899780273438,150.89100646972656,151.3730010986328,0
2024-11-28 00:00:00+00:00,151.33399963378906,151.74600219726562,151.27699279785156,151.6280059814453,0
2024-11-28 04:00:00+00:00,151.62100219726562,151.77699279785156,151.3560028076172,151.75100708007812,0
2024-11-28 08:00:00+00:00,151.7530059814453,151.9499969482422,151.68899536132812,151.8300018310547,0
2024-11-28 12:00:00+00:00,151.83399963378906,151.84800720214844,151.39599609375,151.51600646972656,0
2024-11-28 16:00:00+00:00,151.51800537109375,151.5709991455078,151.447998046875,151.4949951171875,0
2024-11-28 20:00:00+00:00,151.49400329589844,151.55499267578125,150.9759979248047,151.20799255371094,0
2024-11-29 00:00:00+00:00,151.1790008544922,151.20599365234375,149.84500122070312,150.09300231933594,0
2024-11-29 04:00:00+00:00,150.09300231933594,150.2740020751953,149.5290069580078,149.98800659179688,0
2024-11-29 08:00:00+00:00,149.98699951171875,150.36300659179688,149.8249969482422,150.03900146484375,0
2024-11-29 12:00:00+00:00,150.03799438476562,150.3489990234375,149.8699951171875,150.18099975585938,0
2024-11-29 16:00:00+00:00,150.1790008544922,150.531005859375,149.4600067138672,149.60299682617188,0
2024-11-29 20:00:00+00:00,149.60400390625,149.76100158691406,149.51600646972656,149.72999572753906,0
2024-12-02 00:00:00+00:00,149.86099243164062,150.74400329589844,149.8000030517578,150.52699279785156,0
2024-12-02 04:00:00+00:00,150.5279998779297,150.75,149.98399353027344,150.2480010986328,0
2024-12-02 08:00:00+00:00,150.24899291992188,150.44200134277344,150.04200744628906,150.1490020751953,0
2024-12-02 12:00:00+00:00,150.1479949951172,150.35400390625,149.7169952392578,149.8800048828125,0
2024-12-02 16:00:00+00:00,149.86700439453125,149.947998046875,149.0760040283203,149.5240020751953,0
2024-12-02 20:00:00+00:00,149.52200317382812,149.822998046875,149.2209930419922,149.50799560546875,0
2024-12-03 00:00:00+00:00,149.50799560546875,150.13800048828125,149.49400329589844,150.093994140625,0
2024-12-03 04:00:00+00:00,150.09500122070312,150.23599243164062,149.86900329589844,150.00599670410156,0
2024-12-03 08:00:00+00:00,150.00399780273438,150.1840057373047,149.68099975585938,149.73300170898438,0
2024-12-03 12:00:00+00:00,149.7310028076172,149.87399291992188,148.64100646972656,149.14999389648438,0
2024-12-03 16:00:00+00:00,149.14999389648438,149.53900146484375,148.95899963378906,149.50599670410156,0
2024-12-03 20:00:00+00:00,149.5070037841797,149.697998046875,149.3979949951172,149.6490020751953,0
2024-12-04 00:00:00+00:00,149.61300659179688,150.07899475097656,149.51499938964844,149.9320068359375,0
2024-12-04 04:00:00+00:00,149.927001953125,150.43699645996094,149.85400390625,150.3769989013672,0
2024-12-04 08:00:00+00:00,150.37600708007812,151.0500030517578,150.2899932861328,150.88800048828125,0
2024-12-04 12:00:00+00:00,150.88600158691406,151.2310028076172,150.27699279785156,150.40499877929688,0
2024-12-04 16:00:00+00:00,150.4029998779297,150.5970001220703,149.99000549316406,150.43800354003906,0
2024-12-04 20:00:00+00:00,150.43800354003906,150.7740020751953,150.4250030517578,150.572998046875,0
2024-12-05 00:00:00+00:00,150.5469970703125,150.67999267578125,150.177001953125,150.28199768066406,0
2024-12-05 04:00:00+00:00,150.28799438476562,150.42799377441406,149.656005859375,149.781005859375,0
2024-12-05 08:00:00+00:00,149.78500366210938,150.3520050048828,149.66099548339844,150.15699768066406,0
2024-12-05 12:00:00+00:00,150.1580047607422,150.6959991455078,150.14100646972656,150.26400756835938,0
2024-12-05 16:00:00+00:00,150.2429962158203,150.3489990234375,149.9149932861328,150.02000427246094,0
2024-12-05 20:00:00+00:00,150.02099609375,150.2310028076172,149.94500732421875,150.197998046875,0
2024-12-06 00:00:00+00:00,150.1199951171875,150.27200317382812,149.76199340820312,149.87600708007812,0
2024-12-06 04:00:00+00:00,149.8800048828125,150.17100524902344,149.76499938964844,150.09100341796875,0
2024-12-06 08:00:00+00:00,150.0919952392578,150.69900512695312,150.08999633789062,150.50599670410156,0
2024-12-06 12:00:00+00:00,150.5070037841797,150.65699768066406,149.3560028076172,149.86199951171875,0
2024-12-06 16:00:00+00:00,149.86700439453125,150.13400268554688,149.6739959716797,149.968994140625,0
2024-12-06 20:00:00+00:00,149.968994140625,150.05999755859375,149.93600463867188,149.98899841308594,0
2024-12-09 00:00:00+00:00,149.88699340820312,150.05299377441406,149.6840057373047,149.9739990234375,0
2024-12-09 04:00:00+00:00,149.97500610351562,150.3489990234375,149.83399963378906,150.3419952392578,0
2024-12-09 08:00:00+00:00,150.343994140625,150.5229949951172,150.3090057373047,150.48500061035156,0
2024-12-09 12:00:00+00:00,150.48899841308594,151.2429962158203,150.43499755859375,151.02000427246094,0
2024-12-09 16:00:00+00:00,151.02099609375,151.3470001220703,150.96400451660156,151.23599243164062,0
2024-12-09 20:00:00+00:00,151.23899841308594,151.43299865722656,151.1009979248047,151.41799926757812,0
2024-12-10 00:00:00+00:00,151.39100646972656,151.54800415039062,151.0279998779297,151.07200622558594,0
2024-12-10 04:00:00+00:00,151.0659942626953,151.58399963378906,150.89300537109375,151.56500244140625,0
2024-12-10 08:00:00+00:00,151.55499267578125,151.78599548339844,151.40899658203125,151.69900512695312,0
2024-12-10 12:00:00+00:00,151.70399475097656,152.1699981689453,151.52499389648438,152.1219940185547,0
2024-12-10 16:00:00+00:00,152.125,152.18099975585938,151.8419952392578,151.93099975585938,0
2024-12-10 20:00:00+00:00,151.9320068359375,151.98800659179688,151.7740020751953,151.83200073242188,0
2024-12-11 00:00:00+00:00,151.8419952392578,151.87399291992188,151.41000366210938,151.5449981689453,0
2024-12-11 04:00:00+00:00,151.5469970703125,151.7949981689453,151.41700744628906,151.6540069580078,0
2024-12-11 08:00:00+00:00,151.6479949951172,152.7949981689453,151.0,152.55099487304688,0
2024-12-11 12:00:00+00:00,152.54600524902344,152.86399841308594,151.9149932861328,152.45700073242188,0
2024-12-11 16:00:00+00:00,152.45799255371094,152.718994140625,152.23699951171875,152.64599609375,0
2024-12-11 20:00:00+00:00,152.64700317382812,152.64700317382812,152.22999572753906,152.25799560546875,0
2024-12-12 00:00:00+00:00,152.26199340820312,152.4149932861328,151.94700622558594,152.35499572753906,0
2024-12-12 04:00:00+00:00,152.35000610351562,152.7740020751953,152.177001953125,152.56900024414062,0
2024-12-12 08:00:00+00:00,152.5709991455078,152.66000366210938,152.15899658203125,152.18499755859375,0
2024-12-12 12:00:00+00:00,152.18499755859375,152.3990020751953,151.79600524902344,152.28900146484375,0
2024-12-12 16:00:00+00:00,152.27999877929688,152.5469970703125,152.03599548339844,152.53700256347656,0
2024-12-12 20:00:00+00:00,152.53799438476562,152.6909942626953,152.44500732421875,152.58099365234375,0
2024-12-13 00:00:00+00:00,152.58900451660156,153.0500030517578,152.5500030517578,152.89700317382812,0
2024-12-13 04:00:00+00:00,152.89599609375,153.08799743652344,152.6699981689453,152.79400634765625,0
2024-12-13 08:00:00+00:00,152.79400634765625,153.62399291992188,152.7899932861328,153.62399291992188,0
2024-12-13 12:00:00+00:00,153.6230010986328,153.68899536132812,153.2570037841797,153.66400146484375,0
2024-12-13 16:00:00+00:00,153.6649932861328,153.802001953125,153.54800415039062,153.67999267578125,0
2024-12-13 20:00:00+00:00,153.68499755859375,153.7449951171875,153.57699584960938,153.7449951171875,0
2024-12-16 00:00:00+00:00,153.4499969482422,153.9709930419922,153.32000732421875,153.81900024414062,0
2024-12-16 04:00:00+00:00,153.81300354003906,153.89300537109375,153.47300720214844,153.5260009765625,0
2024-12-16 08:00:00+00:00,153.5260009765625,153.85899353027344,153.44000244140625,153.79800415039062,0
2024-12-16 12:00:00+00:00,153.7989959716797,154.47799682617188,153.77499389648438,154.23300170898438,0
2024-12-16 16:00:00+00:00,154.23399353027344,154.31199645996094,154.0019989013672,154.1179962158203,0
2024-12-16 20:00:00+00:00,154.1230010986328,154.26100158691406,154.06100463867188,154.0800018310547,0
2024-12-17 00:00:00+00:00,154.093994140625,154.33999633789062,153.7949981689453,154.0449981689453,0
2024-12-17 04:00:00+00:00,154.03900146484375,154.26100158691406,153.9199981689453,154.06399536132812,0
2024-12-17 08:00:00+00:00,154.0659942626953,154.16799926757812,153.6790008544922,153.90499877929688,0
2024-12-17 12:00:00+00:00,153.90699768066406,153.9969940185547,153.41700744628906,153.51199340820312,0
2024-12-17 16:00:00+00:00,153.5030059814453,153.64199829101562,153.15499877929688,153.33900451660156,0
2024-12-17 20:00:00+00:00,153.33999633789062,153.5959930419922,153.32400512695312,153.57899475097656,0
2024-12-18 00:00:00+00:00,153.5679931640625,153.78500366210938,153.53799438476562,153.61700439453125,0
2024-12-18 04:00:00+00:00,153.61300659179688,153.6540069580078,153.3300018310547,153.57400512695312,0
2024-12-18 08:00:00+00:00,153.57400512695312,153.7429962158203,153.51600646972656,153.66099548339844,0
2024-12-18 12:00:00+00:00,153.6580047607422,154.0540008544922,153.6320037841797,154.02099609375,0
2024-12-18 16:00:00+00:00,154.02099609375,154.66099548339844,153.7030029296875,154.64700317382812,0
2024-12-18 20:00:00+00:00,154.6479949951172,154.8699951171875,154.32400512695312,154.69900512695312,0
2024-12-19 00:00:00+00:00,154.6649932861328,155.44200134277344,154.46200561523438,155.26400756835938,0
2024-12-19 04:00:00+00:00,155.25900268554688,156.78199768066406,154.91099548339844,156.47000122070312,0
2024-12-19 08:00:00+00:00,156.4720001220703,157.14500427246094,156.42799377441406,156.68899536132812,0
2024-12-19 12:00:00+00:00,156.6929931640625,157.73500061035156,156.39100646972656,157.71200561523438,0
2024-12-19 16:00:00+00:00,157.71299743652344,157.8070068359375,157.343994140625,157.4199981689453,0
2024-12-19 20:00:00+00:00,157.42100524902344,157.66900634765625,157.30099487304688,157.6479949951172,0
2024-12-20 00:00:00+00:00,157.64599609375,157.9250030517578,156.8300018310547,157.06399536132812,0
2024-12-20 04:00:00+00:00,157.06199645996094,157.3179931640625,156.75999450683594,156.8280029296875,0
2024-12-20 08:00:00+00:00,156.83099365234375,156.9669952392578,156.61500549316406,156.77200317382812,0
2024-12-20 12:00:00+00:00,156.7729949951172,156.81700134277344,156.31500244140625,156.5019989013672,0
2024-12-20 16:00:00+00:00,156.5030059814453,156.58200073242188,155.94700622558594,156.0030059814453,0
2024-12-20 20:00:00+00:00,156.00900268554688,156.4709930419922,155.99200439453125,156.40699768066406,0
2024-12-23 00:00:00+00:00,156.5590057373047,156.6909942626953,156.32899475097656,156.51600646972656,0
2024-12-23 04:00:00+00:00,156.51699829101562,156.80999755859375,156.48199462890625,156.79299926757812,0
2024-12-23 08:00:00+00:00,156.7949981689453,156.87899780273438,156.45799255371094,156.8470001220703,0
2024-12-23 12:00:00+00:00,156.8470001220703,157.26699829101562,156.83900451660156,157.1280059814453,0
2024-12-23 16:00:00+00:00,157.1300048828125,157.21400451660156,156.97500610351562,157.10299682617188,0
2024-12-23 20:00:00+00:00,157.0970001220703,157.23800659179688,157.0449981689453,157.16900634765625,0
2024-12-24 00:00:00+00:00,157.17599487304688,157.39300537109375,157.04600524902344,157.0800018310547,0
2024-12-24 04:00:00+00:00,157.0780029296875,157.14500427246094,156.88400268554688,157.14100646972656,0
2024-12-24 08:00:00+00:00,157.14100646972656,157.17999267578125,156.97999572753906,157.13999938964844,0
2024-12-24 12:00:00+00:00,157.13999938964844,157.34800720214844,157.07000732421875,157.3350067138672,0
2024-12-24 16:00:00+00:00,157.3300018310547,157.37899780273438,157.21400451660156,157.30099487304688,0
2024-12-24 20:00:00+00:00,157.30099487304688,157.31100463867188,157.0229949951172,157.09100341796875,0
2024-12-25 00:00:00+00:00,157.05599975585938,157.31900024414062,156.9739990234375,157.10899353027344,0
2024-12-25 04:00:00+00:00,157.11099243164062,157.35400390625,156.9600067138672,157.01600646972656,0
2024-12-25 16:00:00+00:00,157.1929931640625,157.21499633789062,157.19000244140625,157.20700073242188,0
2024-12-25 20:00:00+00:00,157.23500061035156,157.31100463867188,157.0489959716797,157.14300537109375,0
2024-12-26 00:00:00+00:00,157.12100219726562,157.47799682617188,157.06100463867188,157.37100219726562,0
2024-12-26 04:00:00+00:00,157.36000061035156,157.46600341796875,157.3040008544922,157.3730010986328,0
2024-12-26 08:00:00+00:00,157.3730010986328,157.58999633789062,157.302001953125,157.5850067138672,0
2024-12-26 12:00:00+00:00,157.58299255371094,158.07200622558594,157.57699584960938,158.0659942626953,0
2024-12-26 16:00:00+00:00,158.0679931640625,158.08399963378906,157.86500549316406,157.98899841308594,0
2024-12-26 20:00:00+00:00,157.9810028076172,158.03599548339844,157.66600036621094,157.73899841308594,0
2024-12-27 00:00:00+00:00,157.76300048828125,157.9530029296875,157.5019989013672,157.64599609375,0
2024-12-27 04:00:00+00:00,157.64300537109375,157.8560028076172,157.54100036621094,157.80999755859375,0
2024-12-27 08:00:00+00:00,157.81399536132812,157.91700744628906,157.61599731445312,157.6490020751953,0
2024-12-27 12:00:00+00:00,157.6529998779297,157.89700317382812,157.5279998779297,157.57200622558594,0
2024-12-27 16:00:00+00:00,157.56900024414062,157.94400024414062,157.343994140625,157.94400024414062,0
2024-12-27 20:00:00+00:00,157.9429931640625,157.94500732421875,157.77200317382812,157.77200317382812,0
2024-12-30 00:00:00+00:00,157.89700317382812,157.99000549316406,157.68800354003906,157.8090057373047,0
2024-12-30 04:00:00+00:00,157.8159942626953,158.0749969482422,157.75100708007812,157.88600158691406,0
2024-12-30 08:00:00+00:00,157.89500427246094,157.98699951171875,157.5540008544922,157.63499450683594,0
2024-12-30 12:00:00+00:00,157.63299560546875,157.6490020751953,156.66600036621094,157.1699981689453,0
2024-12-30 16:00:00+00:00,157.17599487304688,157.3560028076172,156.91700744628906,157.093994140625,0
2024-12-30 20:00:00+00:00,157.08399963378906,157.11500549316406,156.75100708007812,156.98899841308594,0
2024-12-31 00:00:00+00:00,157.00399780273438,157.0449981689453,156.32899475097656,156.43699645996094,0
2024-12-31 04:00:00+00:00,156.43600463867188,156.46099853515625,156.0590057373047,156.20199584960938,0
2024-12-31 08:00:00+00:00,156.20399475097656,156.96200561523438,156.01400756835938,156.7989959716797,0
2024-12-31 12:00:00+00:00,156.79600524902344,157.19400024414062,156.5489959716797,157.16000366210938,0
2024-12-31 16:00:00+00:00,157.15899658203125,157.5489959716797,157.09800720214844,157.30799865722656,0
2024-12-31 20:00:00+00:00,157.30799865722656,157.37600708007812,157.1479949951172,157.2100067138672,0
2025-01-01 16:00:00+00:00,157.26699829101562,157.26800537109375,157.0800018310547,157.24600219726562,0
2025-01-01 20:00:00+00:00,157.24600219726562,157.76499938964844,157.09500122070312,157.75100708007812,0
2025-01-02 00:00:00+00:00,157.7010040283203,157.7740020751953,157.12600708007812,157.1540069580078,0
2025-01-02 04:00:00+00:00,157.1529998779297,157.21200561523438,156.42999267578125,156.6699981689453,0
2025-01-02 08:00:00+00:00,156.66600036621094,157.28500366210938,156.45799255371094,157.1999969482422,0
2025-01-02 12:00:00+00:00,157.2030029296875,157.23699951171875,156.6320037841797,157.1490020751953,0
2025-01-02 16:00:00+00:00,157.14500427246094,157.8520050048828,157.1300048828125,157.6199951171875,0
2025-01-02 20:00:00+00:00,157.61900329589844,157.656005859375,157.3459930419922,157.35400390625,0
2025-01-03 00:00:00+00:00,157.35000610351562,157.4600067138672,157.1699981689453,157.3070068359375,0
2025-01-03 04:00:00+00:00,157.30799865722656,157.38900756835938,157.03199768066406,157.13499450683594,0
2025-01-03 08:00:00+00:00,157.13600158691406,157.4250030517578,157.08399963378906,157.24400329589844,0
2025-01-03 12:00:00+00:00,157.24400329589844,157.49099731445312,157.02000427246094,157.39500427246094,0
2025-01-03 16:00:00+00:00,157.39300537109375,157.40199279785156,156.8699951171875,157.20399475097656,0
2025-01-03 20:00:00+00:00,157.2050018310547,157.38099670410156,157.13600158691406,157.23599243164062,0
2025-01-06 00:00:00+00:00,157.50399780273438,157.8300018310547,157.47999572753906,157.71400451660156,0
2025-01-06 04:00:00+00:00,157.71400451660156,157.8090057373047,157.5290069580078,157.65899658203125,0
2025-01-06 08:00:00+00:00,157.66400146484375,157.96099853515625,157.16000366210938,157.197998046875,0
2025-01-06 12:00:00+00:00,157.19700622558594,157.65699768066406,156.23599243164062,157.53399658203125,0
2025-01-06 16:00:00+00:00,157.53199768066406,157.66900634765625,157.3419952392578,157.5449981689453,0
2025-01-06 20:00:00+00:00,157.54400634765625,157.81100463867188,157.48699951171875,157.7480010986328,0
2025-01-07 00:00:00+00:00,157.73399353027344,158.41600036621094,157.73199462890625,158.12600708007812,0
2025-01-07 04:00:00+00:00,158.1219940185547,158.15699768066406,157.45199584960938,157.4929962158203,0
2025-01-07 08:00:00+00:00,157.4949951171875,157.8509979248047,157.36199951171875,157.71200561523438,0
2025-01-07 12:00:00+00:00,157.70899963378906,158.427001953125,157.53199768066406,157.9409942626953,0
2025-01-07 16:00:00+00:00,157.9429931640625,158.04100036621094,157.58099365234375,157.77200317382812,0
2025-01-07 20:00:00+00:00,157.77699279785156,158.2449951171875,157.7310028076172,158.21499633789062,0
2025-01-08 00:00:00+00:00,158.22300720214844,158.23300170898438,157.8979949951172,158.19900512695312,0
2025-01-08 04:00:00+00:00,158.19900512695312,158.2689971923828,157.92300415039062,158.11199951171875,0
2025-01-08 08:00:00+00:00,158.11399841308594,158.5540008544922,158.0469970703125,158.375,0
2025-01-08 12:00:00+00:00,158.3679962158203,158.5500030517578,158.13699340820312,158.37100219726562,0
2025-01-08 16:00:00+00:00,158.37100219726562,158.5189971923828,158.2689971923828,158.46499633789062,0
2025-01-08 20:00:00+00:00,158.46400451660156,158.46600341796875,158.17999267578125,158.18699645996094,0
2025-01-09 00:00:00+00:00,158.18800354003906,158.32699584960938,157.91200256347656,157.9720001220703,0
2025-01-09 04:00:00+00:00,157.9709930419922,158.2010040283203,157.75599670410156,158.18800354003906,0
2025-01-09 08:00:00+00:00,158.19700622558594,158.28599548339844,157.81700134277344,157.90199279785156,0
2025-01-09 12:00:00+00:00,157.90199279785156,157.9759979248047,157.57200622558594,157.968994140625,0
2025-01-09 16:00:00+00:00,157.97300720214844,158.16200256347656,157.91799926757812,158.11199951171875,0
2025-01-09 20:00:00+00:00,158.11099243164062,158.1840057373047,158.00799560546875,158.04100036621094,0
2025-01-10 00:00:00+00:00,158.0399932861328,158.2830047607422,157.9239959716797,158.23500061035156,0
2025-01-10 04:00:00+00:00,158.23500061035156,158.4459991455078,158.2270050048828,158.38400268554688,0
2025-01-10 08:00:00+00:00,158.3820037841797,158.427001953125,157.61099243164062,157.99600219726562,0
2025-01-10 12:00:00+00:00,157.9949951171875,158.87899780273438,157.2209930419922,157.5540008544922,0
2025-01-10 16:00:00+00:00,157.55499267578125,157.98399353027344,157.53799438476562,157.86900329589844,0
2025-01-10 20:00:00+00:00,157.8719940185547,157.93299865722656,157.64999389648438,157.65699768066406,0
2025-01-13 00:00:00+00:00,157.9029998779297,157.96400451660156,157.26400756835938,157.41299438476562,0
2025-01-13 04:00:00+00:00,157.41200256347656,157.5959930419922,157.24200439453125,157.45799255371094,0
2025-01-13 08:00:00+00:00,157.45599365234375,157.6699981689453,157.0070037841797,157.3159942626953,0
2025-01-13 12:00:00+00:00,157.31500244140625,157.58399963378906,156.9080047607422,157.51400756835938,0
2025-01-13 16:00:00+00:00,157.51600646972656,157.82000732421875,157.28799438476562,157.81300354003906,0
2025-01-13 20:00:00+00:00,157.81300354003906,157.81399536132812,157.11199951171875,157.343994140625,0
2025-01-14 00:00:00+00:00,157.30499267578125,158.0279998779297,157.03199768066406,157.55799865722656,0
2025-01-14 04:00:00+00:00,157.55299377441406,157.72300720214844,157.2949981689453,157.52499389648438,0
2025-01-14 08:00:00+00:00,157.52000427246094,158.02999877929688,157.3820037841797,157.93699645996094,0
2025-01-14 12:00:00+00:00,157.93800354003906,158.15199279785156,157.38699340820312,157.96200561523438,0
2025-01-14 16:00:00+00:00,157.96299743652344,158.197998046875,157.82699584960938,157.9429931640625,0
2025-01-14 20:00:00+00:00,157.93899536132812,158.0709991455078,157.86500549316406,158.04100036621094,0
2025-01-15 00:00:00+00:00,158.0469970703125,158.08200073242188,157.82400512695312,157.88900756835938,0
2025-01-15 04:00:00+00:00,157.88299560546875,157.93600463867188,156.83700561523438,156.88099670410156,0
2025-01-15 08:00:00+00:00,156.88099670410156,157.21499633789062,156.70399475097656,157.00599670410156,0
2025-01-15 12:00:00+00:00,157.00799560546875,157.08999633789062,155.93499755859375,156.29100036621094,0
2025-01-15 16:00:00+00:00,156.28900146484375,156.73399353027344,156.28399658203125,156.46200561523438,0
2025-01-15 20:00:00+00:00,156.46299743652344,156.55299377441406,156.20899963378906,156.23300170898438,0
2025-01-16 00:00:00+00:00,156.2169952392578,156.5279998779297,155.20199584960938,155.7689971923828,0
2025-01-16 04:00:00+00:00,155.77200317382812,156.31399536132812,155.59800720214844,156.18299865722656,0
2025-01-16 08:00:00+00:00,156.1840057373047,156.23599243164062,155.60800170898438,155.77999877929688,0
2025-01-16 12:00:00+00:00,155.78500366210938,156.36399841308594,155.38499450683594,155.42799377441406,0
2025-01-16 16:00:00+00:00,155.427001953125,155.5540008544922,155.09800720214844,155.29299926757812,0
2025-01-16 20:00:00+00:00,155.29400634765625,155.3769989013672,155.04299926757812,155.3769989013672,0
2025-01-17 00:00:00+00:00,155.3699951171875,155.48300170898438,154.97300720214844,155.44200134277344,0
2025-01-17 04:00:00+00:00,155.4429931640625,155.77200317382812,155.35800170898438,155.60800170898438,0
2025-01-17 08:00:00+00:00,155.61500549316406,155.85000610351562,155.4029998779297,155.69500732421875,0
2025-01-17 12:00:00+00:00,155.69400024414062,156.19400024414062,155.54600524902344,156.10400390625,0
2025-01-17 16:00:00+00:00,156.10499572753906,156.37399291992188,156.09800720214844,156.14199829101562,0
2025-01-17 20:00:00+00:00,156.14199829101562,156.31300354003906,156.1009979248047,156.26600646972656,0
2025-01-20 00:00:00+00:00,156.3040008544922,156.35800170898438,155.6999969482422,155.74099731445312,0
2025-01-20 04:00:00+00:00,155.74200439453125,156.28399658203125,155.72300720214844,155.99000549316406,0
2025-01-20 08:00:00+00:00,155.99099731445312,156.45799255371094,155.94400024414062,156.3459930419922,0
2025-01-20 12:00:00+00:00,156.33900451660156,156.468994140625,155.40499877929688,155.68499755859375,0
2025-01-20 16:00:00+00:00,155.68699645996094,156.06199645996094,155.58099365234375,155.63299560546875,0
2025-01-20 20:00:00+00:00,155.63499450683594,155.72000122070312,155.156005859375,155.27200317382812,0
2025-01-21 00:00:00+00:00,155.27200317382812,156.23500061035156,154.77000427246094,155.18600463867188,0
2025-01-21 04:00:00+00:00,155.18600463867188,155.75100708007812,154.94700622558594,155.6750030517578,0
2025-01-21 08:00:00+00:00,155.6750030517578,156.05299377441406,155.61000061035156,155.91200256347656,0
2025-01-21 12:00:00+00:00,155.9080047607422,155.9510040283203,155.2469940185547,155.33099365234375,0
2025-01-21 16:00:00+00:00,155.3260040283203,155.5959930419922,155.30299377441406,155.5540008544922,0
2025-01-21 20:00:00+00:00,155.55499267578125,155.8280029296875,155.3939971923828,155.76800537109375,0
2025-01-22 00:00:00+00:00,155.73899841308594,155.95899963378906,155.35000610351562,155.9239959716797,0
2025-01-22 04:00:00+00:00,155.91900634765625,156.07400512695312,155.67599487304688,156.0469970703125,0
2025-01-22 08:00:00+00:00,156.0469970703125,156.11599731445312,155.5469970703125,155.86900329589844,0
2025-01-22 12:00:00+00:00,155.86900329589844,156.4239959716797,155.74099731445312,156.406005859375,0
2025-01-22 16:00:00+00:00,156.4080047607422,156.70799255371094,156.375,156.51499938964844,0
2025-01-22 20:00:00+00:00,156.51600646972656,156.593994140625,156.36599731445312,156.4320068359375,0
2025-01-23 00:00:00+00:00,156.43299865722656,156.61000061035156,156.27999877929688,156.5,0
2025-01-23 04:00:00+00:00,156.49899291992188,156.75100708007812,156.46800231933594,156.61000061035156,0
2025-01-23 08:00:00+00:00,156.61099243164062,156.63299560546875,156.1999969482422,156.54200744628906,0
2025-01-23 12:00:00+00:00,156.5489959716797,156.59800720214844,156.10000610351562,156.16299438476562,0
2025-01-23 16:00:00+00:00,156.16799926757812,156.3209991455078,155.73800659179688,155.80499267578125,0
2025-01-23 20:00:00+00:00,155.8000030517578,156.17799377441406,155.7480010986328,156.14999389648438,0
2025-01-24 00:00:00+00:00,156.13299560546875,156.41200256347656,155.4219970703125,155.4759979248047,0
2025-01-24 04:00:00+00:00,155.4759979248047,155.75100708007812,154.83399963378906,155.38299560546875,0
2025-01-24 08:00:00+00:00,155.38400268554688,156.10699462890625,154.9340057373047,156.0959930419922,0
2025-01-24 12:00:00+00:00,156.09300231933594,156.57699584960938,155.62399291992188,155.7259979248047,0
2025-01-24 16:00:00+00:00,155.7259979248047,156.02200317382812,155.50999450683594,155.81700134277344,0
2025-01-24 20:00:00+00:00,155.81500244140625,156.00599670410156,155.81199645996094,155.9199981689453,0
2025-01-27 00:00:00+00:00,155.71800231933594,155.8769989013672,155.28399658203125,155.7899932861328,0
2025-01-27 04:00:00+00:00,155.79299926757812,156.2480010986328,155.67799377441406,155.87600708007812,0
2025-01-27 08:00:00+00:00,155.8800048828125,155.91000366210938,153.70799255371094,153.96299743652344,0
2025-01-27 12:00:00+00:00,153.96200561523438,154.6840057373047,153.86000061035156,154.3419952392578,0
2025-01-27 16:00:00+00:00,154.33900451660156,154.7220001220703,154.0970001220703,154.54200744628906,0
2025-01-27 20:00:00+00:00,154.54400634765625,154.98500061035156,154.43800354003906,154.91000366210938,0
2025-01-28 00:00:00+00:00,154.91200256347656,155.7449951171875,154.79200744628906,155.73500061035156,0
2025-01-28 04:00:00+00:00,155.72900390625,155.97799682617188,155.51499938964844,155.86500549316406,0
2025-01-28 08:00:00+00:00,155.86399841308594,155.93299865722656,155.2030029296875,155.43299865722656,0
2025-01-28 12:00:00+00:00,155.43499755859375,155.74400329589844,155.04400634765625,155.71400451660156,0
2025-01-28 16:00:00+00:00,155.7209930419922,155.75999450683594,155.50399780273438,155.53399658203125,0
2025-01-28 20:00:00+00:00,155.5330047607422,155.61300659179688,155.4770050048828,155.5540008544922,0
2025-01-29 00:00:00+00:00,155.55599975585938,155.79200744628906,155.31100463867188,155.42300415039062,0
2025-01-29 04:00:00+00:00,155.4199981689453,155.43299865722656,154.99600219726562,155.28599548339844,0
2025-01-29 08:00:00+00:00,155.28199768066406,155.52000427246094,155.00399780273438,155.41900634765625,0
2025-01-29 12:00:00+00:00,155.41700744628906,155.49600219726562,154.9340057373047,155.0050048828125,0
2025-01-29 16:00:00+00:00,155.0050048828125,155.61099243164062,154.9669952392578,155.24200439453125,0
2025-01-29 20:00:00+00:00,155.24000549316406,155.38800048828125,155.02999877929688,155.18299865722656,0
2025-01-30 00:00:00+00:00,155.1699981689453,155.2030029296875,154.27699279785156,154.5290069580078,0
2025-01-30 04:00:00+00:00,154.52699279785156,154.73199462890625,154.3459930419922,154.4929962158203,0
2025-01-30 08:00:00+00:00,154.4949951171875,154.6479949951172,154.30999755859375,154.593994140625,0
2025-01-30 12:00:00+00:00,154.59100341796875,154.59800720214844,153.78500366210938,154.13400268554688,0
2025-01-30 16:00:00+00:00,154.1320037841797,154.4949951171875,154.0679931640625,154.10699462890625,0
2025-01-30 20:00:00+00:00,154.10899353027344,154.49899291992188,153.99200439453125,154.08999633789062,0
2025-01-31 00:00:00+00:00,154.0850067138672,154.4239959716797,153.91000366210938,154.35899353027344,0
2025-01-31 04:00:00+00:00,154.35299682617188,154.93600463867188,154.30799865722656,154.6510009765625,0
2025-01-31 08:00:00+00:00,154.64999389648438,154.85400390625,154.47999572753906,154.83999633789062,0
2025-01-31 12:00:00+00:00,154.83999633789062,155.02000427246094,154.5240020751953,154.82000732421875,0
2025-01-31 16:00:00+00:00,154.8300018310547,155.2209930419922,154.65499877929688,155.13900756835938,0
2025-01-31 20:00:00+00:00,155.13800048828125,155.218994140625,155.01100158691406,155.18099975585938,0
2025-02-03 00:00:00+00:00,155.3520050048828,155.88699340820312,155.33999633789062,155.65199279785156,0
2025-02-03 04:00:00+00:00,155.6529998779297,155.7469940185547,155.27699279785156,155.625,0
2025-02-03 08:00:00+00:00,155.6179962158203,155.7169952392578,154.58999633789062,154.60800170898438,0
2025-02-03 12:00:00+00:00,154.6060028076172,154.86500549316406,154.00399780273438,154.72300720214844,0
2025-02-03 16:00:00+00:00,154.7239990234375,155.01300048828125,154.51600646972656,154.89999389648438,0
2025-02-03 20:00:00+00:00,154.89599609375,155.29600524902344,154.5399932861328,155.28500366210938,0
2025-02-04 00:00:00+00:00,155.26300048828125,155.4029998779297,155.03700256347656,155.20399475097656,0
2025-02-04 04:00:00+00:00,155.21299743652344,155.39199829101562,154.81900024414062,155.32699584960938,0
2025-02-04 08:00:00+00:00,155.32200622558594,155.52099609375,155.06399536132812,155.3090057373047,0
2025-02-04 12:00:00+00:00,155.31500244140625,155.39700317382812,154.5330047607422,154.6719970703125,0
2025-02-04 16:00:00+00:00,154.67300415039062,154.6750030517578,154.16400146484375,154.28700256347656,0
2025-02-04 20:00:00+00:00,154.28500366210938,154.45899963378906,154.02699279785156,154.14999389648438,0
2025-02-05 00:00:00+00:00,154.13999938964844,154.35899353027344,153.0850067138672,153.22000122070312,0
2025-02-05 04:00:00+00:00,153.21499633789062,153.5709991455078,153.06199645996094,153.30299377441406,0
2025-02-05 08:00:00+00:00,153.30099487304688,153.39199829101562,152.54800415039062,152.8699951171875,0
2025-02-05 12:00:00+00:00,152.8699951171875,153.20599365234375,152.10899353027344,152.13800048828125,0
2025-02-05 16:00:00+00:00,152.13900756835938,152.54299926757812,152.11000061035156,152.5240020751953,0
2025-02-05 20:00:00+00:00,152.52000427246094,152.7689971923828,152.45599365234375,152.64199829101562,0
2025-02-06 00:00:00+00:00,152.64999389648438,152.6840057373047,151.80799865722656,152.23199462890625,0
2025-02-06 04:00:00+00:00,152.23500061035156,152.6739959716797,152.12600708007812,152.5749969482422,0
2025-02-06 08:00:00+00:00,152.57699584960938,152.89700317382812,152.3560028076172,152.43099975585938,0
2025-02-06 12:00:00+00:00,152.42799377441406,152.52999877929688,151.656005859375,151.68699645996094,0
2025-02-06 16:00:00+00:00,151.68899536132812,152.06300354003906,151.23300170898438,151.38299560546875,0
2025-02-06 20:00:00+00:00,151.38699340820312,151.53799438476562,151.15699768066406,151.21400451660156,0
2025-02-07 00:00:00+00:00,151.16600036621094,151.74000549316406,150.95199584960938,151.5760040283203,0
2025-02-07 04:00:00+00:00,151.5800018310547,151.88800048828125,151.53500366210938,151.8209991455078,0
2025-02-07 08:00:00+00:00,151.822998046875,152.18600463867188,151.66099548339844,152.14999389648438,0
2025-02-07 12:00:00+00:00,152.1540069580078,152.4250030517578,151.27200317382812,151.38800048828125,0
2025-02-07 16:00:00+00:00,151.38800048828125,151.8520050048828,150.9239959716797,151.38099670410156,0
2025-02-07 20:00:00+00:00,151.37600708007812,151.45700073242188,151.2480010986328,151.38499450683594,0
2025-02-10 00:00:00+00:00,151.87399291992188,152.21099853515625,151.61900329589844,151.92300415039062,0
2025-02-10 04:00:00+00:00,151.91799926757812,152.19200134277344,151.75900268554688,152.16700744628906,0
2025-02-10 08:00:00+00:00,152.1649932861328,152.53799438476562,152.00900268554688,152.1199951171875,0
2025-02-10 12:00:00+00:00,152.1199951171875,152.24400329589844,151.5590057373047,151.60899353027344,0
2025-02-10 16:00:00+00:00,151.60699462890625,152.072998046875,151.5679931640625,151.97500610351562,0
2025-02-10 20:00:00+00:00,151.9739990234375,152.0330047607422,151.7449951171875,151.78700256347656,0
2025-02-11 00:00:00+00:00,151.78500366210938,152.05999755859375,151.68099975585938,151.98500061035156,0
2025-02-11 04:00:00+00:00,151.98399353027344,152.04600524902344,151.82699584960938,151.9499969482422,0
2025-02-11 08:00:00+00:00,151.9499969482422,152.3769989013672,151.64500427246094,152.33399963378906,0
2025-02-11 12:00:00+00:00,152.3350067138672,152.5970001220703,152.21800231933594,152.49000549316406,0
2025-02-11 16:00:00+00:00,152.49600219726562,152.55599975585938,152.24600219726562,152.49099731445312,0
2025-02-11 20:00:00+00:00,152.49099731445312,152.76699829101562,152.35299682617188,152.73800659179688,0
2025-02-12 00:00:00+00:00,152.76499938964844,153.68099975585938,152.7220001220703,153.63099670410156,0
2025-02-12 04:00:00+00:00,153.63299560546875,153.73300170898438,153.41000366210938,153.6790008544922,0
2025-02-12 08:00:00+00:00,153.677001953125,153.88600158691406,153.40899658203125,153.552001953125,0
2025-02-12 12:00:00+00:00,153.55299377441406,154.6179962158203,153.26199340820312,154.43899536132812,0
2025-02-12 16:00:00+00:00,154.43699645996094,154.80299377441406,154.2779998779297,154.42300415039062,0
2025-02-12 20:00:00+00:00,154.4290008544922,154.48599243164062,154.17999267578125,154.26400756835938,0
2025-02-13 00:00:00+00:00,154.23199462890625,154.66900634765625,154.1179962158203,154.24400329589844,0
2025-02-13 04:00:00+00:00,154.23899841308594,154.48899841308594,153.95199584960938,154.27200317382812,0
2025-02-13 08:00:00+00:00,154.27999877929688,154.33999633789062,153.72999572753906,153.8470001220703,0
2025-02-13 12:00:00+00:00,153.843994140625,154.01499938964844,153.0709991455078,153.13499450683594,0
2025-02-13 16:00:00+00:00,153.13299560546875,153.3470001220703,152.76600646972656,152.9290008544922,0
2025-02-13 20:00:00+00:00,152.9290008544922,153.1510009765625,152.69700622558594,152.9759979248047,0
2025-02-14 00:00:00+00:00,152.98300170898438,153.1009979248047,152.44200134277344,152.8350067138672,0
2025-02-14 04:00:00+00:00,152.83399963378906,152.8939971923828,152.3800048828125,152.7259979248047,0
2025-02-14 08:00:00+00:00,152.7239990234375,152.83999633789062,152.46200561523438,152.7010040283203,0
2025-02-14 12:00:00+00:00,152.70399475097656,152.82400512695312,152.0590057373047,152.13499450683594,0
2025-02-14 16:00:00+00:00,152.13900756835938,152.39199829101562,152.02099609375,152.20599365234375,0
2025-02-14 20:00:00+00:00,152.20899963378906,152.3560028076172,152.20799255371094,152.27099609375,0
2025-02-17 00:00:00+00:00,152.00399780273438,152.11300659179688,151.5030059814453,151.6179962158203,0
2025-02-17 04:00:00+00:00,151.6179962158203,151.89199829101562,151.47000122070312,151.86599731445312,0
2025-02-17 08:00:00+00:00,151.86399841308594,151.94400024414062,151.49099731445312,151.5030059814453,0
2025-02-17 12:00:00+00:00,151.5050048828125,151.53700256347656,151.33200073242188,151.36199951171875,0
2025-02-17 16:00:00+00:00,151.36399841308594,151.4510040283203,151.32899475097656,151.4029998779297,0
2025-02-17 20:00:00+00:00,151.4029998779297,151.6219940185547,151.2259979248047,151.4219970703125,0
2025-02-18 00:00:00+00:00,151.43499755859375,152.093994140625,151.41200256347656,152.07699584960938,0
2025-02-18 04:00:00+00:00,152.0780029296875,152.2209930419922,151.78700256347656,152.05499267578125,0
2025-02-18 08:00:00+00:00,152.052001953125,152.10299682617188,151.67300415039062,151.78399658203125,0
2025-02-18 12:00:00+00:00,151.78399658203125,151.8820037841797,151.5260009765625,151.6529998779297,0
2025-02-18 16:00:00+00:00,151.65699768066406,152.04400634765625,151.64199829101562,151.9219970703125,0
2025-02-18 20:00:00+00:00,151.9239959716797,152.1280059814453,151.9219970703125,151.9340057373047,0
2025-02-19 00:00:00+00:00,151.91799926757812,152.31300354003906,151.74200439453125,151.89100646972656,0
2025-02-19 04:00:00+00:00,151.88900756835938,151.93699645996094,151.58399963378906,151.66200256347656,0
2025-02-19 08:00:00+00:00,151.65899658203125,151.9550018310547,151.5469970703125,151.84300231933594,0
2025-02-19 12:00:00+00:00,151.83900451660156,151.92999267578125,151.24200439453125,151.41700744628906,0
2025-02-19 16:00:00+00:00,151.41799926757812,151.83099365234375,151.38999938964844,151.52000427246094,0
2025-02-19 20:00:00+00:00,151.52200317382812,151.56900024414062,151.11599731445312,151.22000122070312,0
2025-02-20 00:00:00+00:00,151.2209930419922,151.23199462890625,150.3820037841797,150.43099975585938,0
2025-02-20 04:00:00+00:00,150.42599487304688,150.4810028076172,149.94500732421875,150.17100524902344,0
2025-02-20 08:00:00+00:00,150.1699981689453,150.43299865722656,149.97999572753906,150.2220001220703,0
2025-02-20 12:00:00+00:00,150.2209930419922,150.23199462890625,149.46499633789062,149.51100158691406,0
2025-02-20 16:00:00+00:00,149.51100158691406,149.81500244140625,149.39300537109375,149.7740020751953,0
2025-02-20 20:00:00+00:00,149.7760009765625,149.82699584960938,149.26100158691406,149.43600463867188,0
2025-02-21 00:00:00+00:00,149.47500610351562,150.73599243164062,149.46600341796875,150.3090057373047,0
2025-02-21 04:00:00+00:00,150.31199645996094,150.6540069580078,150.1179962158203,150.54600524902344,0
2025-02-21 08:00:00+00:00,150.54600524902344,150.6179962158203,150.18499755859375,150.2729949951172,0
2025-02-21 12:00:00+00:00,150.27000427246094,150.51400756835938,149.50399780273438,149.55099487304688,0
2025-02-21 16:00:00+00:00,149.5500030517578,149.62100219726562,148.9219970703125,149.06700134277344,0
2025-02-21 20:00:00+00:00,149.07200622558594,149.3459930419922,148.99600219726562,149.26199340820312,0
2025-02-24 00:00:00+00:00,149.40499877929688,149.4980010986328,148.83900451660156,149.1580047607422,0
2025-02-24 04:00:00+00:00,149.15899658203125,149.5449981689453,149.12399291992188,149.4550018310547,0
2025-02-24 08:00:00+00:00,149.4550018310547,149.79200744628906,149.22799682617188,149.73199462890625,0
2025-02-24 12:00:00+00:00,149.7310028076172,149.875,149.18499755859375,149.29800415039062,0
2025-02-24 16:00:00+00:00,149.32699584960938,149.802001953125,149.322998046875,149.6750030517578,0
2025-02-24 20:00:00+00:00,149.6739959716797,149.91000366210938,149.60800170898438,149.87100219726562,0
2025-02-25 00:00:00+00:00,149.90899658203125,150.30099487304688,149.60800170898438,149.66299438476562,0
2025-02-25 04:00:00+00:00,149.66299438476562,149.8679962158203,149.18600463867188,149.27999877929688,0
2025-02-25 08:00:00+00:00,149.2779998779297,149.9550018310547,149.21600341796875,149.8090057373047,0
2025-02-25 12:00:00+00:00,149.80299377441406,149.81900024414062,148.56199645996094,149.0709991455078,0
2025-02-25 16:00:00+00:00,149.0709991455078,149.2550048828125,148.77200317382812,149.0749969482422,0
2025-02-25 20:00:00+00:00,149.0749969482422,149.1790008544922,148.8470001220703,149.0679931640625,0
2025-02-26 00:00:00+00:00,149.0489959716797,149.51800537109375,148.61500549316406,149.39300537109375,0
2025-02-26 04:00:00+00:00,149.38999938964844,149.6320037841797,149.281005859375,149.5260009765625,0
2025-02-26 08:00:00+00:00,149.5279998779297,149.5919952392578,149.218994140625,149.54200744628906,0
2025-02-26 12:00:00+00:00,149.54400634765625,149.88699340820312,149.2899932861328,149.48800659179688,0
2025-02-26 16:00:00+00:00,149.48800659179688,149.531005859375,148.80999755859375,148.8350067138672,0
2025-02-26 20:00:00+00:00,148.83299255371094,149.23500061035156,148.74099731445312,148.82899475097656,0
2025-02-27 00:00:00+00:00,148.87399291992188,149.4029998779297,148.7779998779297,149.218994140625,0
2025-02-27 04:00:00+00:00,149.218994140625,149.4239959716797,149.07200622558594,149.26199340820312,0
2025-02-27 08:00:00+00:00,149.26499938964844,149.9720001220703,149.1540069580078,149.7969970703125,0
2025-02-27 12:00:00+00:00,149.79299926757812,150.13999938964844,149.34800720214844,149.9429931640625,0
2025-02-27 16:00:00+00:00,149.94200134277344,150.16299438476562,149.76199340820312,149.86099243164062,0
2025-02-27 20:00:00+00:00,149.85299682617188,150.0659942626953,149.52999877929688,150.0469970703125,0
2025-02-28 00:00:00+00:00,150.07699584960938,150.14199829101562,149.093994140625,149.60000610351562,0
2025-02-28 04:00:00+00:00,149.60699462890625,150.57000732421875,149.51499938964844,150.42999267578125,0
2025-02-28 08:00:00+00:00,150.43099975585938,150.68600463867188,150.1840057373047,150.38900756835938,0
2025-02-28 12:00:00+00:00,150.38800048828125,150.99000549316406,150.2790069580078,150.677001953125,0
2025-02-28 16:00:00+00:00,150.67599487304688,150.79299926757812,150.23199462890625,150.5399932861328,0
2025-02-28 20:00:00+00:00,150.5399932861328,150.62399291992188,150.43499755859375,150.5449981689453,0
2025-03-03 00:00:00+00:00,150.80599975585938,150.9499969482422,150.24099731445312,150.4499969482422,0
2025-03-03 04:00:00+00:00,150.4530029296875,150.53399658203125,150.1479949951172,150.16799926757812,0
2025-03-03 08:00:00+00:00,150.17100524902344,151.23800659179688,149.94200134277344,151.20700073242188,0
2025-03-03 12:00:00+00:00,151.2050018310547,151.30299377441406,150.0760040283203,150.2310028076172,0
2025-03-03 16:00:00+00:00,150.23699951171875,150.3730010986328,150.0469970703125,150.2480010986328,0
2025-03-03 20:00:00+00:00,150.25100708007812,150.25999450683594,149.0959930419922,149.3090057373047,0
2025-03-04 00:00:00+00:00,149.3090057373047,149.5290069580078,148.5919952392578,149.16200256347656,0
2025-03-04 04:00:00+00:00,149.16099548339844,149.57699584960938,148.91200256347656,149.34500122070312,0
2025-03-04 08:00:00+00:00,149.343994140625,149.45399475097656,148.28799438476562,148.36399841308594,0
2025-03-04 12:00:00+00:00,148.36099243164062,148.7100067138672,148.09300231933594,148.35000610351562,0
2025-03-04 16:00:00+00:00,148.3520050048828,149.3719940185547,148.3000030517578,149.3159942626953,0
2025-03-04 20:00:00+00:00,149.31500244140625,149.97000122070312,149.00399780273438,149.72999572753906,0
2025-03-05 00:00:00+00:00,149.83099365234375,150.1840057373047,149.572998046875,149.9720001220703,0
2025-03-05 04:00:00+00:00,149.97300720214844,149.97300720214844,149.41000366210938,149.44200134277344,0
2025-03-05 08:00:00+00:00,149.4459991455078,149.64199829101562,149.093994140625,149.39300537109375,0
2025-03-05 12:00:00+00:00,149.39500427246094,149.73899841308594,148.3820037841797,148.91299438476562,0
2025-03-05 16:00:00+00:00,148.91400146484375,149.14300537109375,148.47000122070312,148.78700256347656,0
2025-03-05 20:00:00+00:00,148.78700256347656,148.99899291992188,148.71600341796875,148.8939971923828,0
2025-03-06 00:00:00+00:00,148.87899780273438,149.33099365234375,148.85499572753906,149.23199462890625,0
2025-03-06 04:00:00+00:00,149.23599243164062,149.3070068359375,148.26199340820312,148.3719940185547,0
2025-03-06 08:00:00+00:00,148.375,148.4149932861328,147.69400024414062,147.8300018310547,0
2025-03-06 12:00:00+00:00,147.82899475097656,148.31500244140625,147.30799865722656,148.23800659179688,0
2025-03-06 16:00:00+00:00,148.23800659179688,148.39199829101562,147.56300354003906,147.68800354003906,0
2025-03-06 20:00:00+00:00,147.6909942626953,148.13900756835938,147.63999938964844,148.093994140625,0
2025-03-07 00:00:00+00:00,148.14500427246094,148.16200256347656,147.44000244140625,147.60499572753906,0
2025-03-07 04:00:00+00:00,147.6020050048828,147.7550048828125,147.38400268554688,147.6510009765625,0
2025-03-07 08:00:00+00:00,147.6510009765625,147.7530059814453,147.1999969482422,147.69500732421875,0
2025-03-07 12:00:00+00:00,147.69000244140625,147.97300720214844,146.9429931640625,147.51699829101562,0
2025-03-07 16:00:00+00:00,147.5189971923828,148.1999969482422,146.95599365234375,148.03500366210938,0
2025-03-07 20:00:00+00:00,148.0330047607422,148.11700439453125,147.8300018310547,148.01800537109375,0
2025-03-10 00:00:00+00:00,147.58599853515625,147.75599670410156,147.08799743652344,147.63699340820312,0
2025-03-10 04:00:00+00:00,147.63800048828125,147.79299926757812,147.4949951171875,147.56399536132812,0
2025-03-10 08:00:00+00:00,147.56700134277344,147.63999938964844,146.86000061035156,147.12399291992188,0
2025-03-10 12:00:00+00:00,147.1230010986328,147.30599975585938,146.6280059814453,147.1510009765625,0
2025-03-10 16:00:00+00:00,147.14999389648438,147.4669952392578,147.03599548339844,147.29299926757812,0
2025-03-10 20:00:00+00:00,147.28799438476562,147.3679962158203,146.77000427246094,147.0679931640625,0
2025-03-11 00:00:00+00:00,147.0749969482422,147.19200134277344,146.53799438476562,147.11199951171875,0
2025-03-11 04:00:00+00:00,147.11500549316406,147.4040069580078,146.7570037841797,146.94200134277344,0
2025-03-11 08:00:00+00:00,146.93699645996094,147.7259979248047,146.8730010986328,147.60699462890625,0
2025-03-11 12:00:00+00:00,147.6060028076172,148.11399841308594,147.26400756835938,147.49600219726562,0
2025-03-11 16:00:00+00:00,147.4949951171875,147.9149932861328,147.01800537109375,147.7519989013672,0
2025-03-11 20:00:00+00:00,147.7550048828125,148.0659942626953,147.64100646972656,148.0399932861328,0
2025-03-12 00:00:00+00:00,148.05099487304688,148.15199279785156,147.84100341796875,148.07200622558594,0
2025-03-12 04:00:00+00:00,148.072998046875,148.6020050048828,147.95700073242188,148.5919952392578,0
2025-03-12 08:00:00+00:00,148.59300231933594,148.77000427246094,148.2570037841797,148.73699951171875,0
2025-03-12 12:00:00+00:00,148.73199462890625,149.19900512695312,148.072998046875,148.31700134277344,0
2025-03-12 16:00:00+00:00,148.3209991455078,148.4340057373047,148.10400390625,148.3489990234375,0
2025-03-12 20:00:00+00:00,148.35000610351562,148.3679962158203,148.08299255371094,148.27999877929688,0
2025-03-13 00:00:00+00:00,148.29299926757812,148.37600708007812,148.01400756835938,148.04100036621094,0
2025-03-13 04:00:00+00:00,148.03799438476562,148.11700439453125,147.57400512695312,147.7899932861328,0
2025-03-13 08:00:00+00:00,147.78500366210938,148.23699951171875,147.6790008544922,147.9949951171875,0
2025-03-13 12:00:00+00:00,147.9929962158203,148.3560028076172,147.63999938964844,147.70199584960938,0
2025-03-13 16:00:00+00:00,147.70599365234375,147.83200073242188,147.41000366210938,147.69700622558594,0
2025-03-13 20:00:00+00:00,147.69700622558594,147.98599243164062,147.6929931640625,147.92300415039062,0
2025-03-14 00:00:00+00:00,147.93800354003906,148.42999267578125,147.8419952392578,148.3350067138672,0
2025-03-14 04:00:00+00:00,148.3300018310547,149.0240020751953,148.32000732421875,148.75100708007812,0
2025-03-14 08:00:00+00:00,148.75100708007812,149.0050048828125,148.6020050048828,148.7270050048828,0
2025-03-14 12:00:00+00:00,148.72500610351562,148.8979949951172,148.343994140625,148.51800537109375,0
2025-03-14 16:00:00+00:00,148.51800537109375,148.66000366210938,148.25599670410156,148.64199829101562,0
2025-03-14 20:00:00+00:00,148.64199829101562,148.6750030517578,148.54800415039062,148.61000061035156,0
2025-03-17 00:00:00+00:00,148.5989990234375,148.8990020751953,148.45899963378906,148.7239990234375,0
2025-03-17 04:00:00+00:00,148.72300720214844,149.09800720214844,148.71800231933594,148.83399963378906,0
2025-03-17 08:00:00+00:00,148.83700561523438,148.98199462890625,148.41099548339844,148.4550018310547,0
2025-03-17 12:00:00+00:00,148.4550018310547,149.0970001220703,148.26100158691406,148.55499267578125,0
2025-03-17 16:00:00+00:00,148.55499267578125,149.28399658203125,148.51600646972656,149.1580047607422,0
2025-03-17 20:00:00+00:00,149.15699768066406,149.39999389648438,149.0500030517578,149.3780059814453,0
2025-03-18 00:00:00+00:00,149.39500427246094,149.72500610351562,149.25100708007812,149.67999267578125,0
2025-03-18 04:00:00+00:00,149.68499755859375,149.87899780273438,149.50999450683594,149.82899475097656,0
2025-03-18 08:00:00+00:00,149.8300018310547,149.90199279785156,149.55999755859375,149.74600219726562,0
2025-03-18 12:00:00+00:00,149.74099731445312,149.93600463867188,149.41299438476562,149.49099731445312,0
2025-03-18 16:00:00+00:00,149.49200439453125,149.64999389648438,149.093994140625,149.27200317382812,0
2025-03-18 20:00:00+00:00,149.2740020751953,149.46800231933594,149.177001953125,149.46299743652344,0
2025-03-19 00:00:00+00:00,149.43899536132812,149.64599609375,149.1999969482422,149.32400512695312,0
2025-03-19 04:00:00+00:00,149.32200622558594,150.02099609375,149.13600158691406,149.2740020751953,0
2025-03-19 08:00:00+00:00,149.27200317382812,149.88299560546875,149.27200317382812,149.8260040283203,0
2025-03-19 12:00:00+00:00,149.8300018310547,150.14700317382812,149.59100341796875,150.02699279785156,0
2025-03-19 16:00:00+00:00,150.02999877929688,150.03199768066406,148.65899658203125,148.843994140625,0
2025-03-19 20:00:00+00:00,148.83999633789062,148.9010009765625,148.4720001220703,148.48599243164062,0
2025-03-20 00:00:00+00:00,148.46299743652344,148.52099609375,148.17599487304688,148.36300659179688,0
2025-03-20 04:00:00+00:00,148.36700439453125,148.64500427246094,148.1750030517578,148.5850067138672,0
2025-03-20 08:00:00+00:00,148.58599853515625,148.78199768066406,148.39199829101562,148.45599365234375,0
2025-03-20 12:00:00+00:00,148.45700073242188,148.96099853515625,148.39599609375,148.8489990234375,0
2025-03-20 16:00:00+00:00,148.8470001220703,148.95899963378906,148.7100067138672,148.78500366210938,0
2025-03-20 20:00:00+00:00,148.78700256347656,148.82400512695312,148.57699584960938,148.61700439453125,0
2025-03-21 00:00:00+00:00,148.61900329589844,149.2480010986328,148.58700561523438,149.20799255371094,0
2025-03-21 04:00:00+00:00,149.20700073242188,149.66200256347656,149.1999969482422,149.30999755859375,0
2025-03-21 08:00:00+00:00,149.31100463867188,149.53599548339844,148.8509979248047,148.88699340820312,0
2025-03-21 12:00:00+00:00,148.88400268554688,148.9969940185547,148.60000610351562,148.98300170898438,0
2025-03-21 16:00:00+00:00,148.98199462890625,149.343994140625,148.9320068359375,149.33599853515625,0
2025-03-21 20:00:00+00:00,149.33299255371094,149.36500549316406,149.25599670410156,149.27499389648438,0
2025-03-24 00:00:00+00:00,149.66200256347656,149.9530029296875,149.45399475097656,149.8090057373047,0
2025-03-24 04:00:00+00:00,149.80799865722656,149.86700439453125,149.52999877929688,149.64500427246094,0
2025-03-24 08:00:00+00:00,149.6479949951172,149.8000030517578,149.48800659179688,149.75,0
2025-03-24 12:00:00+00:00,149.75,150.7570037841797,149.69700622558594,150.73899841308594,0
2025-03-24 16:00:00+00:00,150.73800659179688,150.75399780273438,150.47799682617188,150.64599609375,0
2025-03-24 20:00:00+00:00,150.64599609375,150.86399841308594,150.59300231933594,150.79100036621094,0
2025-03-25 00:00:00+00:00,150.7760009765625,150.9429931640625,150.58200073242188,150.6179962158203,0
2025-03-25 04:00:00+00:00,150.61900329589844,150.74200439453125,150.41099548339844,150.72300720214844,0
2025-03-25 08:00:00+00:00,150.7209930419922,150.76699829101562,150.05599975585938,150.1750030517578,0
2025-03-25 12:00:00+00:00,150.1739959716797,150.17799377441406,149.54400634765625,149.76300048828125,0
2025-03-25 16:00:00+00:00,149.76199340820312,149.9409942626953,149.70199584960938,149.85800170898438,0
2025-03-25 20:00:00+00:00,149.85699462890625,150.00999450683594,149.83299255371094,149.94200134277344,0
2025-03-26 00:00:00+00:00,149.94400024414062,150.4669952392578,149.83799743652344,150.43299865722656,0
2025-03-26 04:00:00+00:00,150.42999267578125,150.625,150.36300659179688,150.39700317382812,0
2025-03-26 08:00:00+00:00,150.39300537109375,150.41000366210938,150.01300048828125,150.20599365234375,0
2025-03-26 12:00:00+00:00,150.20599365234375,150.7449951171875,150.11000061035156,150.67799377441406,0
2025-03-26 16:00:00+00:00,150.68299865722656,150.718994140625,150.3070068359375,150.57699584960938,0
2025-03-26 20:00:00+00:00,150.5760040283203,150.5989990234375,150.27999877929688,150.4530029296875,0
2025-03-27 00:00:00+00:00,150.47000122070312,150.6199951171875,150.08099365234375,150.1479949951172,0
2025-03-27 04:00:00+00:00,150.1479949951172,150.54600524902344,150.05599975585938,150.52999877929688,0
2025-03-27 08:00:00+00:00,150.53500366210938,151.02499389648438,150.49000549316406,151.0229949951172,0
2025-03-27 12:00:00+00:00,151.02200317382812,151.0919952392578,150.5749969482422,150.9709930419922,0
2025-03-27 16:00:00+00:00,150.9669952392578,151.156005859375,150.91000366210938,151.0399932861328,0
2025-03-27 20:00:00+00:00,151.04600524902344,151.11599731445312,150.75999450683594,150.86399841308594,0
2025-03-28 00:00:00+00:00,150.8459930419922,151.20799255371094,150.6959991455078,150.80799865722656,0
2025-03-28 04:00:00+00:00,150.80599975585938,150.94200134277344,150.38099670410156,150.39300537109375,0
2025-03-28 08:00:00+00:00,150.39300537109375,150.86599731445312,150.3560028076172,150.8000030517578,0
2025-03-28 12:00:00+00:00,150.80299377441406,150.93299865722656,149.90499877929688,150.25900268554688,0
2025-03-28 16:00:00+00:00,150.2550048828125,150.2969970703125,149.74099731445312,149.74899291992188,0
2025-03-28 20:00:00+00:00,149.7469940185547,149.88900756835938,149.67999267578125,149.8300018310547,0
2025-03-30 23:00:00+00:00,149.5,149.63800048828125,148.718994140625,148.88800048828125,0
2025-03-31 03:00:00+00:00,148.88900756835938,149.24600219726562,148.72999572753906,148.9980010986328,0
2025-03-31 07:00:00+00:00,148.9949951171875,149.4320068359375,148.69700622558594,149.32200622558594,0
2025-03-31 11:00:00+00:00,149.31900024414062,149.88699340820312,149.15199279785156,149.51600646972656,0
2025-03-31 15:00:00+00:00,149.51300048828125,150.26699829101562,149.45399475097656,150.1179962158203,0
2025-03-31 19:00:00+00:00,150.1179962158203,150.1540069580078,149.8280029296875,149.88499450683594,0
2025-03-31 23:00:00+00:00,149.89100646972656,150.13999938964844,149.63099670410156,149.83999633789062,0
2025-04-01 03:00:00+00:00,149.843994140625,149.99099731445312,149.52699279785156,149.94200134277344,0
2025-04-01 07:00:00+00:00,149.9409942626953,149.947998046875,149.35499572753906,149.4010009765625,0
2025-04-01 11:00:00+00:00,149.39999389648438,149.54400634765625,148.97000122070312,149.2790069580078,0
2025-04-01 15:00:00+00:00,149.28599548339844,149.7429962158203,149.19700622558594,149.39599609375,0
2025-04-01 19:00:00+00:00,149.3979949951172,149.88800048828125,149.38600158691406,149.83200073242188,0
2025-04-01 23:00:00+00:00,149.8209991455078,149.95399475097656,149.68299865722656,149.78799438476562,0
2025-04-02 03:00:00+00:00,149.7899932861328,150.00100708007812,149.7030029296875,149.75999450683594,0
2025-04-02 07:00:00+00:00,149.75999450683594,149.82400512695312,149.31199645996094,149.4029998779297,0
2025-04-02 11:00:00+00:00,149.40699768066406,149.78799438476562,149.09800720214844,149.69700622558594,0
2025-04-02 15:00:00+00:00,149.69200134277344,150.2550048828125,149.6320037841797,149.92599487304688,0
2025-04-02 19:00:00+00:00,149.927001953125,150.49099731445312,148.14300537109375,148.41000366210938,0
2025-04-02 23:00:00+00:00,148.406005859375,148.40899658203125,147.51600646972656,147.78599548339844,0
2025-04-03 03:00:00+00:00,147.7830047607422,147.79299926757812,146.81900024414062,146.83299255371094,0
2025-04-03 07:00:00+00:00,146.83399963378906,147.4709930419922,146.2550048828125,146.7010040283203,0
2025-04-03 11:00:00+00:00,146.70700073242188,146.7740020751953,145.1820068359375,145.43099975585938,0
2025-04-03 15:00:00+00:00,145.42999267578125,146.48199462890625,145.35800170898438,146.4149932861328,0
2025-04-03 19:00:00+00:00,146.4250030517578,146.5189971923828,145.53199768066406,145.60699462890625,0
2025-04-03 23:00:00+00:00,145.6300048828125,146.4080047607422,145.61700439453125,146.1230010986328,0
2025-04-04 03:00:00+00:00,146.12100219726562,146.1790008544922,145.29400634765625,146.03500366210938,0
2025-04-04 07:00:00+00:00,146.03500366210938,146.55099487304688,145.02200317382812,145.10299682617188,0
2025-04-04 11:00:00+00:00,145.11199951171875,145.87600708007812,144.54400634765625,145.5189971923828,0
2025-04-04 15:00:00+00:00,145.51800537109375,147.4320068359375,145.49200439453125,146.88800048828125,0
2025-04-04 19:00:00+00:00,146.89500427246094,147.2899932861328,146.6719970703125,146.96499633789062,0
2025-04-06 23:00:00+00:00,145.15899658203125,146.8520050048828,144.81300354003906,146.61900329589844,0
2025-04-07 03:00:00+00:00,146.6230010986328,146.6280059814453,145.11199951171875,145.3820037841797,0
2025-04-07 07:00:00+00:00,145.3800048828125,146.62399291992188,145.06900024414062,146.22900390625,0
2025-04-07 11:00:00+00:00,146.23399353027344,147.98300170898438,146.1300048828125,147.56500244140625,0
2025-04-07 15:00:00+00:00,147.56399536132812,148.1490020751953,147.1020050048828,147.85899353027344,0
2025-04-07 19:00:00+00:00,147.86399841308594,148.14300537109375,147.52099609375,147.88699340820312,0
2025-04-07 23:00:00+00:00,147.88299560546875,148.12100219726562,147.2480010986328,147.32000732421875,0
2025-04-08 03:00:00+00:00,147.32000732421875,147.8000030517578,147.22799682617188,147.2429962158203,0
2025-04-08 07:00:00+00:00,147.24099731445312,147.51800537109375,146.84800720214844,146.86900329589844,0
2025-04-08 11:00:00+00:00,146.86900329589844,147.66799926757812,146.65899658203125,147.33700561523438,0
2025-04-08 15:00:00+00:00,147.33799743652344,147.39100646972656,146.2449951171875,146.38699340820312,0
2025-04-08 19:00:00+00:00,146.38499450683594,146.4770050048828,145.89100646972656,145.98300170898438,0
2025-04-08 23:00:00+00:00,145.9810028076172,146.0019989013672,145.1280059814453,145.62399291992188,0
2025-04-09 03:00:00+00:00,145.6300048828125,145.7729949951172,144.57400512695312,144.8179931640625,0
2025-04-09 07:00:00+00:00,144.81199645996094,145.78199768066406,144.7779998779297,145.24000549316406,0
2025-04-09 11:00:00+00:00,145.23399353027344,145.2469940185547,143.99099731445312,144.7209930419922,0
2025-04-09 15:00:00+00:00,144.7220001220703,148.281005859375,144.56700134277344,147.4340057373047,0
2025-04-09 19:00:00+00:00,147.4409942626953,148.1479949951172,147.2570037841797,147.4010009765625,0
2025-04-09 23:00:00+00:00,147.4080047607422,147.7100067138672,146.64100646972656,146.74600219726562,0
2025-04-10 03:00:00+00:00,146.74600219726562,147.14599609375,146.447998046875,147.0469970703125,0
2025-04-10 07:00:00+00:00,147.0449981689453,147.06100463867188,145.5500030517578,145.55799865722656,0
2025-04-10 11:00:00+00:00,145.5570068359375,145.64599609375,144.55799865722656,144.66200256347656,0
2025-04-10 15:00:00+00:00,144.66400146484375,144.87399291992188,144.00399780273438,144.57699584960938,0
2025-04-10 19:00:00+00:00,144.5780029296875,145.13400268554688,143.9669952392578,144.1490020751953,0
2025-04-10 23:00:00+00:00,144.07699584960938,144.23699951171875,142.86700439453125,143.5749969482422,0
2025-04-11 03:00:00+00:00,143.5749969482422,144.14300537109375,142.87600708007812,143.88900756835938,0
2025-04-11 07:00:00+00:00,143.88999938964844,143.94400024414062,142.05999755859375,142.98800659179688,0
2025-04-11 11:00:00+00:00,142.99000549316406,143.61000061035156,142.21200561523438,143.5290069580078,0
2025-04-11 15:00:00+00:00,143.52699279785156,144.19900512695312,143.3000030517578,143.8040008544922,0
2025-04-11 19:00:00+00:00,143.80499267578125,143.8489990234375,143.4239959716797,143.4510040283203,0
2025-04-13 23:00:00+00:00,143.64999389648438,143.8979949951172,142.2469940185547,142.96600341796875,0
2025-04-14 03:00:00+00:00,142.95899963378906,143.2760009765625,142.33999633789062,142.4219970703125,0
2025-04-14 07:00:00+00:00,142.4250030517578,143.29800415039062,142.2259979248047,143.09800720214844,0
2025-04-14 11:00:00+00:00,143.0970001220703,144.0800018310547,143.00399780273438,143.28199768066406,0
2025-04-14 15:00:00+00:00,143.28199768066406,143.35299682617188,142.7790069580078,142.88900756835938,0
2025-04-14 19:00:00+00:00,142.89100646972656,143.18600463867188,142.8560028076172,143.11599731445312,0
2025-04-14 23:00:00+00:00,143.1060028076172,143.593994140625,143.00100708007812,143.1230010986328,0
2025-04-15 03:00:00+00:00,143.1269989013672,143.3820037841797,142.84100341796875,143.32000732421875,0
2025-04-15 07:00:00+00:00,143.32000732421875,143.50900268554688,142.67999267578125,142.8419952392578,0
2025-04-15 11:00:00+00:00,142.84100341796875,143.26600646972656,142.59300231933594,142.72300720214844,0
2025-04-15 15:00:00+00:00,142.7220001220703,143.25100708007812,142.6840057373047,143.1580047607422,0
2025-04-15 19:00:00+00:00,143.1580047607422,143.2790069580078,142.89999389648438,143.0709991455078,0
2025-04-15 23:00:00+00:00,143.05299377441406,143.28199768066406,142.64999389648438,142.71800231933594,0
2025-04-16 03:00:00+00:00,142.71600341796875,142.73399353027344,142.09800720214844,142.41099548339844,0
2025-04-16 07:00:00+00:00,142.41200256347656,142.9550018310547,142.0399932861328,142.79600524902344,0
2025-04-16 11:00:00+00:00,142.7949981689453,142.81399536132812,142.31500244140625,142.5050048828125,0
2025-04-16 15:00:00+00:00,142.50799560546875,142.86000061035156,142.06399536132812,142.10000610351562,0
2025-04-16 19:00:00+00:00,142.0989990234375,142.1999969482422,141.63800048828125,141.85899353027344,0
2025-04-16 23:00:00+00:00,141.83799743652344,142.86300659179688,141.60899353027344,142.55799865722656,0
2025-04-17 03:00:00+00:00,142.55799865722656,142.8820037841797,142.42799377441406,142.73800659179688,0
2025-04-17 07:00:00+00:00,142.73699951171875,143.08700561523438,142.4969940185547,142.58200073242188,0
2025-04-17 11:00:00+00:00,142.58099365234375,142.69700622558594,141.89500427246094,142.21299743652344,0
2025-04-17 15:00:00+00:00,142.21200561523438,142.71800231933594,142.14100646972656,142.44500732421875,0
2025-04-17 19:00:00+00:00,142.44400024414062,142.51600646972656,142.24200439453125,142.37100219726562,0
2025-04-17 23:00:00+00:00,142.36500549316406,142.47000122070312,142.15499877929688,142.31100463867188,0
2025-04-18 03:00:00+00:00,142.31199645996094,142.4149932861328,142.27099609375,142.36599731445312,0
2025-04-18 07:00:00+00:00,142.36900329589844,142.39700317382812,142.28599548339844,142.36700439453125,0
2025-04-18 11:00:00+00:00,142.36399841308594,142.37600708007812,142.2270050048828,142.2899932861328,0
2025-04-18 15:00:00+00:00,142.28900146484375,142.30599975585938,142.10499572753906,142.1790008544922,0
2025-04-18 19:00:00+00:00,142.1790008544922,142.197998046875,142.09800720214844,142.1510009765625,0
2025-04-20 23:00:00+00:00,141.73399353027344,141.76600646972656,140.61099243164062,140.78799438476562,0
2025-04-21 03:00:00+00:00,140.78799438476562,140.9770050048828,140.61300659179688,140.75599670410156,0
2025-04-21 07:00:00+00:00,140.75799560546875,140.99400329589844,140.4669952392578,140.98300170898438,0
2025-04-21 11:00:00+00:00,140.98599243164062,141.0760040283203,140.56399536132812,140.90199279785156,0
2025-04-21 15:00:00+00:00,140.9010009765625,141.01400756835938,140.5570068359375,140.5780029296875,0
2025-04-21 19:00:00+00:00,140.5780029296875,140.97999572753906,140.5469970703125,140.72900390625,0
2025-04-21 23:00:00+00:00,140.73500061035156,141.1719970703125,140.53900146484375,140.5469970703125,0
2025-04-22 03:00:00+00:00,140.54800415039062,140.5500030517578,139.8820037841797,140.39500427246094,0
2025-04-22 07:00:00+00:00,140.3939971923828,140.63099670410156,140.18800354003906,140.3280029296875,0
2025-04-22 11:00:00+00:00,140.3280029296875,140.9199981689453,140.16600036621094,140.7169952392578,0
2025-04-22 15:00:00+00:00,140.71400451660156,141.50999450683594,140.65499877929688,141.49000549316406,0
2025-04-22 19:00:00+00:00,141.49099731445312,143.21800231933594,141.43600463867188,142.99200439453125,0
2025-04-22 23:00:00+00:00,143.00999450683594,143.1020050048828,141.66200256347656,141.89999389648438,0
2025-04-23 03:00:00+00:00,141.8990020751953,142.24600219726562,141.5970001220703,141.7169952392578,0
2025-04-23 07:00:00+00:00,141.7100067138672,142.03199768066406,141.5240020751953,141.98899841308594,0
2025-04-23 11:00:00+00:00,141.9949951171875,142.79800415039062,141.57200622558594,142.6320037841797,0
2025-04-23 15:00:00+00:00,142.63299560546875,143.49600219726562,142.177001953125,143.43600463867188,0
2025-04-23 19:00:00+00:00,143.42999267578125,143.57400512695312,142.8699951171875,143.09500122070312,0
2025-04-23 23:00:00+00:00,143.11399841308594,143.33799743652344,142.5970001220703,142.7830047607422,0
2025-04-24 03:00:00+00:00,142.781005859375,142.95899963378906,142.66299438476562,142.68899536132812,0
2025-04-24 07:00:00+00:00,142.69000244140625,142.7469940185547,142.30299377441406,142.49099731445312,0
2025-04-24 11:00:00+00:00,142.48899841308594,142.63499450683594,142.2740020751953,142.4720001220703,0
2025-04-24 15:00:00+00:00,142.4720001220703,142.83399963378906,142.44500732421875,142.72999572753906,0
2025-04-24 19:00:00+00:00,142.7310028076172,142.7899932861328,142.48399353027344,142.7010040283203,0
2025-04-24 23:00:00+00:00,142.71400451660156,143.11599731445312,142.68800354003906,142.96400451660156,0
2025-04-25 03:00:00+00:00,142.96200561523438,143.85000610351562,142.89100646972656,143.55099487304688,0
2025-04-25 07:00:00+00:00,143.5399932861328,143.73300170898438,143.22000122070312,143.30099487304688,0
2025-04-25 11:00:00+00:00,143.3000030517578,143.98899841308594,143.2220001220703,143.98500061035156,0
2025-04-25 15:00:00+00:00,143.9810028076172,144.02999877929688,143.43699645996094,143.55599975585938,0
2025-04-25 19:00:00+00:00,143.55799865722656,143.8489990234375,143.48699951171875,143.64700317382812,0
2025-04-27 23:00:00+00:00,143.76699829101562,143.8769989013672,143.3419952392578,143.69200134277344,0
2025-04-28 03:00:00+00:00,143.69200134277344,143.8560028076172,143.28399658203125,143.8280029296875,0
2025-04-28 07:00:00+00:00,143.83299255371094,143.8939971923828,143.32699584960938,143.4600067138672,0
2025-04-28 11:00:00+00:00,143.46200561523438,143.5469970703125,142.5959930419922,142.84800720214844,0
2025-04-28 15:00:00+00:00,142.8489990234375,142.88600158691406,142.10400390625,142.1219940185547,0
2025-04-28 19:00:00+00:00,142.12399291992188,142.2239990234375,141.95399475097656,142.21499633789062,0
2025-04-28 23:00:00+00:00,142.21499633789062,142.43600463867188,142.06300354003906,142.38099670410156,0
2025-04-29 03:00:00+00:00,142.3820037841797,142.57699584960938,142.2989959716797,142.4720001220703,0
2025-04-29 07:00:00+00:00,142.4720001220703,142.75599670410156,142.322998046875,142.64599609375,0
2025-04-29 11:00:00+00:00,142.6580047607422,142.7570037841797,142.0050048828125,142.36900329589844,0
2025-04-29 15:00:00+00:00,142.3679962158203,142.37899780273438,141.96800231933594,142.28199768066406,0
2025-04-29 19:00:00+00:00,142.2830047607422,142.44700622558594,142.1479949951172,142.26800537109375,0
2025-04-29 23:00:00+00:00,142.26300048828125,142.54800415039062,142.1540069580078,142.45799255371094,0
2025-04-30 03:00:00+00:00,142.46099853515625,142.718994140625,142.32200622558594,142.58399963378906,0
2025-04-30 07:00:00+00:00,142.58399963378906,143.1540069580078,142.57400512695312,143.06399536132812,0
2025-04-30 11:00:00+00:00,143.06700134277344,143.13600158691406,142.58099365234375,142.63499450683594,0
2025-04-30 15:00:00+00:00,142.6320037841797,143.0070037841797,142.49099731445312,142.7740020751953,0
2025-04-30 19:00:00+00:00,142.7740020751953,143.19000244140625,142.71200561523438,142.9770050048828,0
2025-04-30 23:00:00+00:00,143.00999450683594,143.2429962158203,142.875,143.0800018310547,0
2025-05-01 03:00:00+00:00,143.08299255371094,144.593994140625,142.91600036621094,144.58599853515625,0
2025-05-01 07:00:00+00:00,144.5800018310547,144.7429962158203,144.1199951171875,144.27499389648438,0
2025-05-01 11:00:00+00:00,144.27499389648438,145.5050048828125,144.14599609375,145.3489990234375,0
2025-05-01 15:00:00+00:00,145.3470001220703,145.74099731445312,145.22799682617188,145.68099975585938,0
2025-05-01 19:00:00+00:00,145.677001953125,145.70700073242188,145.2480010986328,145.36000061035156,0
2025-05-01 23:00:00+00:00,145.33200073242188,145.9239959716797,145.29200744628906,145.46299743652344,0
2025-05-02 03:00:00+00:00,145.45799255371094,145.4739990234375,145.0399932861328,145.2010040283203,0
2025-05-02 07:00:00+00:00,145.20199584960938,145.27099609375,144.43600463867188,144.66600036621094,0
2025-05-02 11:00:00+00:00,144.6649932861328,144.96200561523438,143.72500610351562,144.00799560546875,0
2025-05-02 15:00:00+00:00,144.00900268554688,145.08399963378906,144.0050048828125,145.0240020751953,0
2025-05-02 19:00:00+00:00,145.0279998779297,145.0760040283203,144.83399963378906,144.91799926757812,0
2025-05-04 23:00:00+00:00,144.7519989013672,144.86099243164062,144.05999755859375,144.16600036621094,0
2025-05-05 03:00:00+00:00,144.16900634765625,144.41900634765625,143.9600067138672,144.322998046875,0
2025-05-05 07:00:00+00:00,144.3209991455078,144.42300415039062,143.79400634765625,143.95399475097656,0
2025-05-05 11:00:00+00:00,143.9530029296875,144.0279998779297,143.53500366210938,143.77499389648438,0
2025-05-05 15:00:00+00:00,143.77099609375,144.23399353027344,143.58599853515625,143.91700744628906,0
2025-05-05 19:00:00+00:00,143.91799926757812,143.92599487304688,143.61700439453125,143.74200439453125,0
2025-05-05 23:00:00+00:00,143.74600219726562,144.27499389648438,143.54200744628906,143.8179931640625,0
2025-05-06 03:00:00+00:00,143.81500244140625,143.92799377441406,143.6179962158203,143.69000244140625,0
2025-05-06 07:00:00+00:00,143.69000244140625,143.7270050048828,142.89999389648438,143.0590057373047,0
2025-05-06 11:00:00+00:00,143.05999755859375,143.125,142.3489990234375,142.85400390625,0
2025-05-06 15:00:00+00:00,142.8520050048828,143.03399658203125,142.4290008544922,142.44000244140625,0
2025-05-06 19:00:00+00:00,142.44400024414062,143.28199768066406,142.3470001220703,143.22000122070312,0
2025-05-06 23:00:00+00:00,143.23899841308594,143.30999755859375,142.74000549316406,143.12600708007812,0
2025-05-07 03:00:00+00:00,143.12100219726562,143.3249969482422,142.82400512695312,142.86199951171875,0
2025-05-07 07:00:00+00:00,142.85899353027344,143.45399475097656,142.85899353027344,143.25100708007812,0
2025-05-07 11:00:00+00:00,143.24899291992188,143.44900512695312,143.11199951171875,143.3040008544922,0
2025-05-07 15:00:00+00:00,143.30499267578125,143.7830047607422,142.90199279785156,143.52000427246094,0
2025-05-07 19:00:00+00:00,143.51800537109375,143.99899291992188,143.46499633789062,143.89500427246094,0
2025-05-07 23:00:00+00:00,143.8820037841797,143.9550018310547,143.44000244140625,143.66700744628906,0
2025-05-08 03:00:00+00:00,143.67100524902344,144.43299865722656,143.52499389648438,144.4040069580078,0
2025-05-08 07:00:00+00:00,144.40899658203125,145.0050048828125,144.2570037841797,144.7790069580078,0
2025-05-08 11:00:00+00:00,144.7779998779297,145.1179962158203,144.4290008544922,145.01100158691406,0
2025-05-08 15:00:00+00:00,145.00900268554688,145.94900512695312,144.8979949951172,145.87899780273438,0
2025-05-08 19:00:00+00:00,145.8820037841797,146.177001953125,145.7570037841797,145.8209991455078,0
2025-05-08 23:00:00+00:00,145.82200622558594,146.18699645996094,145.6179962158203,145.6649932861328,0
2025-05-09 03:00:00+00:00,145.66400146484375,145.7100067138672,145.23399353027344,145.2899932861328,0
2025-05-09 07:00:00+00:00,145.2899932861328,145.41200256347656,145.0709991455078,145.28799438476562,0
2025-05-09 11:00:00+00:00,145.28900146484375,145.35000610351562,144.82000732421875,145.00100708007812,0
2025-05-09 15:00:00+00:00,144.9980010986328,145.35299682617188,144.99400329589844,145.26300048828125,0
2025-05-09 19:00:00+00:00,145.25999450683594,145.38099670410156,145.2449951171875,145.322998046875,0
2025-05-11 23:00:00+00:00,145.83799743652344,146.28500366210938,145.69400024414062,145.8489990234375,0
2025-05-12 03:00:00+00:00,145.84800720214844,146.16700744628906,145.71200561523438,146.1199951171875,0
2025-05-12 07:00:00+00:00,146.11900329589844,148.59100341796875,146.0970001220703,148.40199279785156,0
2025-05-12 11:00:00+00:00,148.40199279785156,148.4149932861328,147.80799865722656,148.19500732421875,0
2025-05-12 15:00:00+00:00,148.1959991455078,148.6510009765625,148.0240020751953,148.33799743652344,0
2025-05-12 19:00:00+00:00,148.33700561523438,148.47900390625,148.2570037841797,148.36500549316406,0
2025-05-12 23:00:00+00:00,148.36399841308594,148.45599365234375,147.75399780273438,147.95700073242188,0
2025-05-13 03:00:00+00:00,147.96200561523438,147.99000549316406,147.63999938964844,147.93800354003906,0
2025-05-13 07:00:00+00:00,147.93899536132812,148.13499450683594,147.72999572753906,148.052001953125,0
2025-05-13 11:00:00+00:00,148.0570068359375,148.27499389648438,147.6540069580078,147.84100341796875,0
2025-05-13 15:00:00+00:00,147.84100341796875,147.91099548339844,147.4499969482422,147.4980010986328,0
2025-05-13 19:00:00+00:00,147.5070037841797,147.56100463867188,147.2989959716797,147.3520050048828,0
2025-05-13 23:00:00+00:00,147.34800720214844,147.6699981689453,147.0,147.19500732421875,0
2025-05-14 03:00:00+00:00,147.19500732421875,147.24000549316406,146.83399963378906,147.156005859375,0
2025-05-14 07:00:00+00:00,147.1540069580078,147.21200561523438,145.6009979248047,145.92300415039062,0
2025-05-14 11:00:00+00:00,145.9239959716797,146.3939971923828,145.7570037841797,146.30999755859375,0
2025-05-14 15:00:00+00:00,146.3090057373047,147.12100219726562,146.2519989013672,146.72300720214844,0
2025-05-14 19:00:00+00:00,146.71800231933594,146.89999389648438,146.55099487304688,146.61000061035156,0
2025-05-14 23:00:00+00:00,146.61300659179688,146.7519989013672,146.0659942626953,146.22500610351562,0
2025-05-15 03:00:00+00:00,146.22500610351562,146.28599548339844,145.47799682617188,145.53399658203125,0
2025-05-15 07:00:00+00:00,145.53399658203125,145.9929962158203,145.5240020751953,145.9720001220703,0
2025-05-15 11:00:00+00:00,145.9739990234375,146.25399780273438,145.40899658203125,145.85899353027344,0
2025-05-15 15:00:00+00:00,145.85800170898438,145.91799926757812,145.531005859375,145.68600463867188,0
2025-05-15 19:00:00+00:00,145.68299865722656,145.7259979248047,145.43699645996094,145.44000244140625,0
2025-05-15 23:00:00+00:00,145.46099853515625,145.67999267578125,144.9600067138672,145.41200256347656,0
2025-05-16 03:00:00+00:00,145.4080047607422,145.46400451660156,144.98399353027344,145.052001953125,0
2025-05-16 07:00:00+00:00,145.06199645996094,145.60000610351562,144.91600036621094,145.53900146484375,0
2025-05-16 11:00:00+00:00,145.531005859375,146.0780029296875,145.39599609375,145.95899963378906,0
2025-05-16 15:00:00+00:00,145.947998046875,146.10299682617188,145.822998046875,145.88900756835938,0
2025-05-16 19:00:00+00:00,145.8979949951172,145.98399353027344,145.51600646972656,145.6300048828125,0
2025-05-18 23:00:00+00:00,145.156005859375,145.4459991455078,144.8040008544922,145.2209930419922,0
2025-05-19 03:00:00+00:00,145.22799682617188,145.34500122070312,144.97900390625,144.9929962158203,0
2025-05-19 07:00:00+00:00,144.98899841308594,145.093994140625,144.656005859375,144.7989959716797,0
2025-05-19 11:00:00+00:00,144.80099487304688,145.21600341796875,144.7740020751953,144.89500427246094,0
2025-05-19 15:00:00+00:00,144.89199829101562,145.11199951171875,144.77999877929688,144.9709930419922,0
2025-05-19 19:00:00+00:00,144.968994140625,144.98599243164062,144.76800537109375,144.93499755859375,0
2025-05-19 23:00:00+00:00,144.9409942626953,145.51400756835938,144.72300720214844,145.12100219726562,0
2025-05-20 03:00:00+00:00,145.11599731445312,145.18099975585938,144.2969970703125,144.49899291992188,0
2025-05-20 07:00:00+00:00,144.49600219726562,144.62399291992188,144.08799743652344,144.59100341796875,0
2025-05-20 11:00:00+00:00,144.5919952392578,144.9770050048828,144.4530029296875,144.56100463867188,0
2025-05-20 15:00:00+00:00,144.55599975585938,144.88499450683594,144.4969940185547,144.54400634765625,0
2025-05-20 19:00:00+00:00,144.5449981689453,144.58299255371094,144.156005859375,144.4290008544922,0
2025-05-20 23:00:00+00:00,144.42100524902344,144.43899536132812,143.84300231933594,143.86300659179688,0
2025-05-21 03:00:00+00:00,143.86000061035156,143.9720001220703,143.45599365234375,143.70700073242188,0
2025-05-21 07:00:00+00:00,143.7010040283203,144.19200134277344,143.46099853515625,143.66400146484375,0
2025-05-21 11:00:00+00:00,143.66099548339844,143.8939971923828,143.55099487304688,143.67300415039062,0
2025-05-21 15:00:00+00:00,143.6699981689453,143.7790069580078,143.2779998779297,143.63400268554688,0
2025-05-21 19:00:00+00:00,143.63600158691406,144.3979949951172,143.531005859375,144.08599853515625,0
2025-05-21 23:00:00+00:00,144.0959930419922,144.1510009765625,143.14100646972656,143.1909942626953,0
2025-05-22 03:00:00+00:00,143.18899536132812,143.43600463867188,143.0970001220703,143.3300018310547,0
2025-05-22 07:00:00+00:00,143.32899475097656,143.69400024414062,142.79800415039062,143.65499877929688,0
2025-05-22 11:00:00+00:00,143.656005859375,143.96499633789062,143.26699829101562,143.75900268554688,0
2025-05-22 15:00:00+00:00,143.75999450683594,144.33099365234375,143.7519989013672,144.14700317382812,0
2025-05-22 19:00:00+00:00,144.14599609375,144.1510009765625,143.80099487304688,143.8159942626953,0
2025-05-22 23:00:00+00:00,143.81100463867188,144.01400756835938,143.53599548339844,143.5489959716797,0
2025-05-23 03:00:00+00:00,143.54600524902344,143.58200073242188,143.3300018310547,143.42799377441406,0
2025-05-23 07:00:00+00:00,143.42999267578125,143.47000122070312,143.14100646972656,143.3699951171875,0
2025-05-23 11:00:00+00:00,143.36700439453125,143.43099975585938,142.4499969482422,142.66000366210938,0
2025-05-23 15:00:00+00:00,142.66200256347656,142.83599853515625,142.41799926757812,142.52099609375,0
2025-05-23 19:00:00+00:00,142.51699829101562,142.58700561523438,142.45399475097656,142.5500030517578,0
2025-05-25 23:00:00+00:00,142.78500366210938,142.93499755859375,142.2220001220703,142.3419952392578,0
2025-05-26 03:00:00+00:00,142.34100341796875,142.80299377441406,142.33200073242188,142.75100708007812,0
2025-05-26 07:00:00+00:00,142.7530059814453,142.98899841308594,142.70199584960938,142.85899353027344,0
2025-05-26 11:00:00+00:00,142.8560028076172,143.03399658203125,142.74400329589844,142.77999877929688,0
2025-05-26 15:00:00+00:00,142.7790069580078,142.8730010986328,142.70199584960938,142.75799560546875,0
2025-05-26 19:00:00+00:00,142.75599670410156,142.97000122070312,142.63499450683594,142.68499755859375,0
2025-05-26 23:00:00+00:00,142.67999267578125,142.7480010986328,142.11000061035156,142.38499450683594,0
2025-05-27 03:00:00+00:00,142.38299560546875,143.49000549316406,142.3459930419922,143.46299743652344,0
2025-05-27 07:00:00+00:00,143.46299743652344,144.17799377441406,143.3249969482422,144.14199829101562,0
2025-05-27 11:00:00+00:00,144.14199829101562,144.4600067138672,143.87100219726562,144.39100646972656,0
2025-05-27 15:00:00+00:00,144.38900756835938,144.43800354003906,144.22000122070312,144.25799560546875,0
2025-05-27 19:00:00+00:00,144.25900268554688,144.41299438476562,144.16000366210938,144.18899536132812,0
2025-05-27 23:00:00+00:00,144.17799377441406,144.76699829101562,143.8470001220703,144.6009979248047,0
2025-05-28 03:00:00+00:00,144.5989990234375,144.77200317382812,144.2169952392578,144.52499389648438,0
2025-05-28 07:00:00+00:00,144.5260009765625,144.54100036621094,143.99099731445312,144.27499389648438,0
2025-05-28 11:00:00+00:00,144.27200317382812,144.97300720214844,144.18899536132812,144.8470001220703,0
2025-05-28 15:00:00+00:00,144.8419952392578,145.07699584960938,144.75,144.83700561523438,0
2025-05-28 19:00:00+00:00,144.8350067138672,144.93600463867188,144.7239990234375,144.906005859375,0
2025-05-28 23:00:00+00:00,144.89599609375,146.2760009765625,144.88099670410156,145.78799438476562,0
2025-05-29 03:00:00+00:00,145.78500366210938,146.09300231933594,145.47000122070312,145.5780029296875,0
2025-05-29 07:00:00+00:00,145.57699584960938,145.60800170898438,144.9239959716797,145.01499938964844,0
2025-05-29 11:00:00+00:00,145.01100158691406,145.11500549316406,144.14999389648438,144.4029998779297,0
2025-05-29 15:00:00+00:00,144.39999389648438,144.41700744628906,143.95599365234375,143.9980010986328,0
2025-05-29 19:00:00+00:00,144.00100708007812,144.2449951171875,143.8979949951172,144.0189971923828,0
2025-05-29 23:00:00+00:00,144.01199340820312,144.08900451660156,143.42999267578125,143.92599487304688,0
2025-05-30 03:00:00+00:00,143.92799377441406,144.13999938964844,143.69000244140625,143.8520050048828,0
2025-05-30 07:00:00+00:00,143.85400390625,144.22500610351562,143.78399658203125,143.92799377441406,0
2025-05-30 11:00:00+00:00,143.9320068359375,144.4429931640625,143.46600341796875,144.26800537109375,0
2025-05-30 15:00:00+00:00,144.26400756835938,144.33200073242188,143.78799438476562,143.89100646972656,0
2025-05-30 19:00:00+00:00,143.88699340820312,144.08799743652344,143.86700439453125,144.01499938964844,0
2025-06-01 23:00:00+00:00,143.83700561523438,143.86500549316406,143.3209991455078,143.5279998779297,0
2025-06-02 03:00:00+00:00,143.52200317382812,143.64300537109375,143.1269989013672,143.2239990234375,0
2025-06-02 07:00:00+00:00,143.22000122070312,143.28199768066406,142.7480010986328,142.80599975585938,0
2025-06-02 11:00:00+00:00,142.8090057373047,143.07200622558594,142.53500366210938,142.66900634765625,0
2025-06-02 15:00:00+00:00,142.66900634765625,143.00100708007812,142.625,142.81399536132812,0
2025-06-02 19:00:00+00:00,142.81500244140625,142.85899353027344,142.51600646972656,142.5189971923828,0
2025-06-02 23:00:00+00:00,142.52699279785156,143.2519989013672,142.3719940185547,143.10000610351562,0
2025-06-03 03:00:00+00:00,143.0959930419922,143.26100158691406,142.85000610351562,142.88499450683594,0
2025-06-03 07:00:00+00:00,142.88900756835938,143.07899475097656,142.6060028076172,143.05599975585938,0
2025-06-03 11:00:00+00:00,143.0570068359375,143.93899536132812,143.04200744628906,143.7740020751953,0
2025-06-03 15:00:00+00:00,143.77200317382812,144.10899353027344,143.71800231933594,143.90699768066406,0
2025-06-03 19:00:00+00:00,143.90499877929688,144.10699462890625,143.67999267578125,143.95599365234375,0
2025-06-03 23:00:00+00:00,143.95899963378906,144.29800415039062,143.66200256347656,143.91900634765625,0
2025-06-04 03:00:00+00:00,143.92100524902344,144.39500427246094,143.83299255371094,143.9709930419922,0
2025-06-04 07:00:00+00:00,143.97500610351562,144.31100463867188,143.78799438476562,144.25,0
2025-06-04 11:00:00+00:00,144.24600219726562,144.31399536132812,142.99000549316406,143.1320037841797,0
2025-06-04 15:00:00+00:00,143.1320037841797,143.22999572753906,142.60000610351562,142.80999755859375,0
2025-06-04 19:00:00+00:00,142.8070068359375,142.92599487304688,142.6820068359375,142.75999450683594,0
2025-06-04 23:00:00+00:00,142.76400756835938,142.97300720214844,142.52000427246094,142.88900756835938,0
2025-06-05 03:00:00+00:00,142.88800048828125,143.24200439453125,142.6999969482422,143.2270050048828,0
2025-06-05 07:00:00+00:00,143.22999572753906,143.4040069580078,143.0260009765625,143.13299560546875,0
2025-06-05 11:00:00+00:00,143.1280059814453,143.68699645996094,142.77099609375,143.4550018310547,0
2025-06-05 15:00:00+00:00,143.4550018310547,143.9770050048828,143.4499969482422,143.62899780273438,0
2025-06-05 19:00:00+00:00,143.63099670410156,143.781005859375,143.34500122070312,143.51400756835938,0
2025-06-05 23:00:00+00:00,143.51800537109375,143.89999389648438,143.45399475097656,143.83900451660156,0
2025-06-06 03:00:00+00:00,143.84100341796875,144.1320037841797,143.71200561523438,144.0229949951172,0
2025-06-06 07:00:00+00:00,144.02200317382812,144.1909942626953,143.79800415039062,144.08799743652344,0
2025-06-06 11:00:00+00:00,144.08099365234375,145.0290069580078,144.052001953125,144.8979949951172,0
2025-06-06 15:00:00+00:00,144.89599609375,145.08900451660156,144.75999450683594,144.843994140625,0
2025-06-06 19:00:00+00:00,144.82699584960938,144.89100646972656,144.77000427246094,144.8159942626953,0
2025-06-08 23:00:00+00:00,144.6909942626953,144.947998046875,144.34500122070312,144.49600219726562,0
2025-06-09 03:00:00+00:00,144.49400329589844,144.50999450683594,144.19500732421875,144.20899963378906,0
2025-06-09 07:00:00+00:00,144.20799255371094,144.3179931640625,143.97000122070312,144.1719970703125,0
2025-06-09 11:00:00+00:00,144.1699981689453,144.77200317382812,144.1540069580078,144.61199951171875,0
2025-06-09 15:00:00+00:00,144.61199951171875,144.6219940185547,144.343994140625,144.5570068359375,0
2025-06-09 19:00:00+00:00,144.55299377441406,144.6510009765625,144.48699951171875,144.63099670410156,0
2025-06-09 23:00:00+00:00,144.6020050048828,145.2899932861328,144.3939971923828,144.93099975585938,0
2025-06-10 03:00:00+00:00,144.93099975585938,144.98599243164062,144.42100524902344,144.58999633789062,0
2025-06-10 07:00:00+00:00,144.5850067138672,144.83099365234375,144.53700256347656,144.6009979248047,0
2025-06-10 11:00:00+00:00,144.6060028076172,144.83399963378906,144.43800354003906,144.79800415039062,0
2025-06-10 15:00:00+00:00,144.80799865722656,145.04400634765625,144.7899932861328,144.9550018310547,0
2025-06-10 19:00:00+00:00,144.95700073242188,145.0330047607422,144.7779998779297,144.94200134277344,0
2025-06-10 23:00:00+00:00,144.95799255371094,145.16299438476562,144.67799377441406,144.94700622558594,0
2025-06-11 03:00:00+00:00,144.9459991455078,145.24600219726562,144.88600158691406,145.1269989013672,0
2025-06-11 07:00:00+00:00,145.125,145.24200439453125,144.91700744628906,145.125,0
2025-06-11 11:00:00+00:00,145.14100646972656,145.46600341796875,144.3209991455078,144.79100036621094,0
2025-06-11 15:00:00+00:00,144.82200622558594,144.84500122070312,144.3209991455078,144.5050048828125,0
2025-06-11 19:00:00+00:00,144.50900268554688,144.6929931640625,144.19200134277344,144.22799682617188,0
2025-06-11 23:00:00+00:00,144.2530059814453,144.34500122070312,143.7209930419922,143.9499969482422,0
2025-06-12 03:00:00+00:00,143.9530029296875,144.05499267578125,143.63099670410156,143.73399353027344,0
2025-06-12 07:00:00+00:00,143.73399353027344,144.13900756835938,143.44400024414062,143.54800415039062,0
2025-06-12 11:00:00+00:00,143.5469970703125,143.78700256347656,143.17999267578125,143.73500061035156,0
2025-06-12 15:00:00+00:00,143.73199462890625,143.9040069580078,143.46800231933594,143.5240020751953,0
2025-06-12 19:00:00+00:00,143.56199645996094,143.6269989013672,143.3800048828125,143.4669952392578,0
2025-06-12 23:00:00+00:00,143.4499969482422,143.46299743652344,142.7899932861328,143.07400512695312,0
2025-06-13 03:00:00+00:00,143.0749969482422,143.8730010986328,143.07200622558594,143.64700317382812,0
2025-06-13 07:00:00+00:00,143.64500427246094,144.3990020751953,143.5279998779297,144.3520050048828,0
2025-06-13 11:00:00+00:00,144.3509979248047,144.48399353027344,144.01400756835938,144.12100219726562,0
2025-06-13 15:00:00+00:00,144.12100219726562,144.1959991455078,143.8489990234375,143.95199584960938,0
2025-06-13 19:00:00+00:00,143.95799255371094,144.1490020751953,143.8520050048828,144.072998046875,0
2025-06-15 23:00:00+00:00,144.4709930419922,144.74899291992188,144.15699768066406,144.41099548339844,0
2025-06-16 03:00:00+00:00,144.41299438476562,144.48800659179688,143.96800231933594,144.22900390625,0
2025-06-16 07:00:00+00:00,144.23399353027344,144.39100646972656,144.0070037841797,144.04200744628906,0
2025-06-16 11:00:00+00:00,144.04400634765625,144.28199768066406,143.6490020751953,144.052001953125,0
2025-06-16 15:00:00+00:00,144.04600524902344,144.60499572753906,143.98599243164062,144.5989990234375,0
2025-06-16 19:00:00+00:00,144.5989990234375,144.87600708007812,144.5709991455078,144.6020050048828,0
2025-06-16 23:00:00+00:00,144.61700439453125,145.11199951171875,144.6020050048828,144.9459991455078,0
2025-06-17 03:00:00+00:00,144.9409942626953,144.9669952392578,144.3979949951172,144.88999938964844,0
2025-06-17 07:00:00+00:00,144.88699340820312,145.0240020751953,144.40199279785156,144.68899536132812,0
2025-06-17 11:00:00+00:00,144.68699645996094,145.29299926757812,144.36300659179688,145.1840057373047,0
2025-06-17 15:00:00+00:00,145.18499755859375,145.375,144.90199279785156,145.36700439453125,0
2025-06-17 19:00:00+00:00,145.36599731445312,145.39100646972656,145.17999267578125,145.3800048828125,0
2025-06-17 23:00:00+00:00,145.3800048828125,145.44000244140625,145.1020050048828,145.1230010986328,0
2025-06-18 03:00:00+00:00,145.1219940185547,145.13400268554688,144.85400390625,144.89999389648438,0
2025-06-18 07:00:00+00:00,144.89599609375,145.1280059814453,144.79600524902344,144.822998046875,0
2025-06-18 11:00:00+00:00,144.82200622558594,144.9669952392578,144.67100524902344,144.80099487304688,0
2025-06-18 15:00:00+00:00,144.802001953125,145.08599853515625,144.32000732421875,145.04299926757812,0
2025-06-18 19:00:00+00:00,145.0449981689453,145.2239990234375,144.88900756835938,145.00900268554688,0
2025-06-18 23:00:00+00:00,144.99400329589844,145.21499633789062,144.73199462890625,145.177001953125,0
2025-06-19 03:00:00+00:00,145.17599487304688,145.35699462890625,145.01600646972656,145.26199340820312,0
2025-06-19 07:00:00+00:00,145.26100158691406,145.7570037841797,145.23599243164062,145.69500732421875,0
2025-06-19 11:00:00+00:00,145.6999969482422,145.77000427246094,145.34100341796875,145.70599365234375,0
2025-06-19 15:00:00+00:00,145.7050018310547,145.74600219726562,145.41000366210938,145.48599243164062,0
2025-06-19 19:00:00+00:00,145.48699951171875,145.56399536132812,145.33099365234375,145.48699951171875,0
2025-06-19 23:00:00+00:00,145.48699951171875,145.50599670410156,145.11900329589844,145.2469940185547,0
2025-06-20 03:00:00+00:00,145.24600219726562,145.48500061035156,145.18600463867188,145.38099670410156,0
2025-06-20 07:00:00+00:00,145.3820037841797,145.44700622558594,145.2480010986328,145.43600463867188,0
2025-06-20 11:00:00+00:00,145.43600463867188,145.9459991455078,145.41000366210938,145.91099548339844,0
2025-06-20 15:00:00+00:00,145.91400146484375,145.99400329589844,145.7740020751953,145.9709930419922,0
2025-06-20 19:00:00+00:00,145.9720001220703,146.21600341796875,145.96400451660156,146.0540008544922,0
2025-06-22 23:00:00+00:00,146.36199951171875,146.76400756835938,146.13800048828125,146.56300354003906,0
2025-06-23 03:00:00+00:00,146.56300354003906,147.39599609375,146.51199340820312,147.15899658203125,0
2025-06-23 07:00:00+00:00,147.15699768066406,147.98699951171875,147.03599548339844,147.98199462890625,0
2025-06-23 11:00:00+00:00,147.97999572753906,148.0290069580078,146.49099731445312,146.56300354003906,0
2025-06-23 15:00:00+00:00,146.56100463867188,146.6199951171875,146.0050048828125,146.15499877929688,0
2025-06-23 19:00:00+00:00,146.16299438476562,146.2030029296875,145.7519989013672,145.9550018310547,0
2025-06-23 23:00:00+00:00,145.92599487304688,146.04100036621094,145.4320068359375,145.5050048828125,0
2025-06-24 03:00:00+00:00,145.5050048828125,145.51400756835938,145.0330047607422,145.1959991455078,0
2025-06-24 07:00:00+00:00,145.19500732421875,145.40899658203125,144.8459930419922,145.093994140625,0
2025-06-24 11:00:00+00:00,145.0959930419922,145.1959991455078,144.50900268554688,144.73800659179688,0
2025-06-24 15:00:00+00:00,144.73899841308594,144.96299743652344,144.55799865722656,144.6820068359375,0
2025-06-24 19:00:00+00:00,144.67799377441406,144.96299743652344,144.65199279785156,144.9320068359375,0
2025-06-24 23:00:00+00:00,144.927001953125,145.0449981689453,144.60400390625,144.7989959716797,0
2025-06-25 03:00:00+00:00,144.8000030517578,145.33399963378906,144.77999877929688,145.29600524902344,0
2025-06-25 07:00:00+00:00,145.2989959716797,145.75100708007812,145.22799682617188,145.72900390625,0
2025-06-25 11:00:00+00:00,145.72999572753906,145.9510040283203,145.56700134277344,145.69700622558594,0
2025-06-25 15:00:00+00:00,145.7010040283203,145.73500061035156,145.1439971923828,145.15199279785156,0
2025-06-25 19:00:00+00:00,145.1479949951172,145.3350067138672,145.0989990234375,145.2259979248047,0
2025-06-25 23:00:00+00:00,145.2220001220703,145.2270050048828,144.65899658203125,144.69200134277344,0
2025-06-26 03:00:00+00:00,144.68800354003906,144.96499633789062,144.2779998779297,144.30799865722656,0
2025-06-26 07:00:00+00:00,144.3040008544922,144.31300354003906,143.7469940185547,144.18299865722656,0
2025-06-26 11:00:00+00:00,144.2169952392578,144.4969940185547,144.1219940185547,144.40699768066406,0
2025-06-26 15:00:00+00:00,144.41099548339844,144.52099609375,144.052001953125,144.19900512695312,0
2025-06-26 19:00:00+00:00,144.2010040283203,144.66000366210938,144.1929931640625,144.59800720214844,0
2025-06-26 23:00:00+00:00,144.57000732421875,144.80799865722656,144.1909942626953,144.32400512695312,0
2025-06-27 03:00:00+00:00,144.3249969482422,144.59100341796875,144.1999969482422,144.24000549316406,0
2025-06-27 07:00:00+00:00,144.23899841308594,144.68099975585938,144.1719970703125,144.53500366210938,0
2025-06-27 11:00:00+00:00,144.531005859375,144.94500732421875,144.36000061035156,144.8800048828125,0
2025-06-27 15:00:00+00:00,144.8780059814453,144.91000366210938,144.53599548339844,144.69900512695312,0
2025-06-27 19:00:00+00:00,144.69700622558594,144.79400634765625,144.60400390625,144.61500549316406,0
2025-06-29 23:00:00+00:00,144.4739990234375,144.76199340820312,144.08599853515625,144.2830047607422,0
2025-06-30 03:00:00+00:00,144.28799438476562,144.31199645996094,143.7899932861328,143.8820037841797,0
2025-06-30 07:00:00+00:00,143.88099670410156,144.28900146484375,143.7779998779297,144.1790008544922,0
2025-06-30 11:00:00+00:00,144.1820068359375,144.51100158691406,144.1490020751953,144.44500732421875,0
2025-06-30 15:00:00+00:00,144.44700622558594,144.4969940185547,144.1230010986328,144.1999969482422,0
2025-06-30 19:00:00+00:00,144.2030029296875,144.2449951171875,143.8509979248047,143.9149932861328,0
2025-06-30 23:00:00+00:00,143.91600036621094,143.92999267578125,143.4320068359375,143.72300720214844,0
2025-07-01 03:00:00+00:00,143.7270050048828,143.9340057373047,143.54400634765625,143.67100524902344,0
2025-07-01 07:00:00+00:00,143.66900634765625,143.73899841308594,142.8179931640625,142.98300170898438,0
2025-07-01 11:00:00+00:00,142.98500061035156,143.47999572753906,142.67599487304688,143.43899536132812,0
2025-07-01 15:00:00+00:00,143.43499755859375,143.79200744628906,143.43499755859375,143.72000122070312,0
2025-07-01 19:00:00+00:00,143.7220001220703,143.802001953125,143.33299255371094,143.40499877929688,0
2025-07-01 23:00:00+00:00,143.4040069580078,143.74600219726562,143.31700134277344,143.5489959716797,0
2025-07-02 03:00:00+00:00,143.54200744628906,143.88600158691406,143.45599365234375,143.8070068359375,0
2025-07-02 07:00:00+00:00,143.80599975585938,144.24400329589844,143.7740020751953,143.92100524902344,0
2025-07-02 11:00:00+00:00,143.91799926757812,144.21299743652344,143.48199462890625,144.0260009765625,0
2025-07-02 15:00:00+00:00,144.0240020751953,144.0399932861328,143.5760040283203,143.6179962158203,0
2025-07-02 19:00:00+00:00,143.61900329589844,143.75,143.5489959716797,143.60499572753906,0
2025-07-02 23:00:00+00:00,143.61000061035156,143.76300048828125,143.44200134277344,143.6790008544922,0
2025-07-03 03:00:00+00:00,143.68099975585938,143.93099975585938,143.66600036621094,143.77099609375,0
2025-07-03 07:00:00+00:00,143.7689971923828,143.91700744628906,143.66799926757812,143.8419952392578,0
2025-07-03 11:00:00+00:00,143.8470001220703,145.23399353027344,143.72500610351562,145.08999633789062,0
2025-07-03 15:00:00+00:00,145.09500122070312,145.21200561523438,144.81399536132812,145.10499572753906,0
2025-07-03 19:00:00+00:00,145.10000610351562,145.11599731445312,144.87100219726562,144.88400268554688,0
2025-07-03 23:00:00+00:00,144.8679962158203,144.92599487304688,144.56900024414062,144.6479949951172,0
2025-07-04 03:00:00+00:00,144.64500427246094,144.66799926757812,144.17999267578125,144.24600219726562,0
2025-07-04 07:00:00+00:00,144.2449951171875,144.42799377441406,144.23199462890625,144.33999633789062,0
2025-07-04 11:00:00+00:00,144.34300231933594,144.5679931640625,144.29800415039062,144.51800537109375,0
2025-07-04 15:00:00+00:00,144.52200317382812,144.5540008544922,144.46200561523438,144.47000122070312,0
2025-07-04 19:00:00+00:00,144.4739990234375,144.58200073242188,144.42599487304688,144.4429931640625,0
2025-07-06 23:00:00+00:00,144.48300170898438,144.83900451660156,144.22000122070312,144.8159942626953,0
2025-07-07 03:00:00+00:00,144.80999755859375,145.1580047607422,144.70399475097656,145.0189971923828,0
2025-07-07 07:00:00+00:00,145.01800537109375,145.5330047607422,144.97500610351562,145.4290008544922,0
2025-07-07 11:00:00+00:00,145.4340057373047,145.81100463867188,145.36900329589844,145.79400634765625,0
2025-07-07 15:00:00+00:00,145.79600524902344,146.24099731445312,145.73399353027344,146.1719970703125,0
2025-07-07 19:00:00+00:00,146.16900634765625,146.18699645996094,145.83399963378906,145.84100341796875,0
2025-07-07 23:00:00+00:00,145.86000061035156,146.4429931640625,145.8280029296875,146.0919952392578,0
2025-07-08 03:00:00+00:00,146.09100341796875,146.24899291992188,145.8769989013672,146.2449951171875,0
2025-07-08 07:00:00+00:00,146.2449951171875,146.40899658203125,145.99200439453125,146.40199279785156,0
2025-07-08 11:00:00+00:00,146.40199279785156,146.9600067138672,146.35000610351562,146.91799926757812,0
2025-07-08 15:00:00+00:00,146.91299438476562,146.9759979248047,146.6490020751953,146.66200256347656,0
2025-07-08 19:00:00+00:00,146.6580047607422,146.69400024414062,146.4969940185547,146.58099365234375,0
2025-07-08 23:00:00+00:00,146.5850067138672,147.09300231933594,146.57899475097656,147.05599975585938,0
2025-07-09 03:00:00+00:00,147.05799865722656,147.1820068359375,146.7949981689453,146.80599975585938,0
2025-07-09 07:00:00+00:00,146.8000030517578,146.87899780273438,146.53599548339844,146.6540069580078,0
2025-07-09 11:00:00+00:00,146.65699768066406,146.77999877929688,146.26699829101562,146.46200561523438,0
2025-07-09 15:00:00+00:00,146.46200561523438,146.5659942626953,146.24600219726562,146.3280029296875,0
2025-07-09 19:00:00+00:00,146.33099365234375,146.48599243164062,146.20799255371094,146.22999572753906,0
2025-07-09 23:00:00+00:00,146.23800659179688,146.30299377441406,145.75,146.08299255371094,0
2025-07-10 03:00:00+00:00,146.0780029296875,146.41099548339844,146.06500244140625,146.1490020751953,0
2025-07-10 07:00:00+00:00,146.14700317382812,146.46400451660156,146.06199645996094,146.1179962158203,0
2025-07-10 11:00:00+00:00,146.12100219726562,146.78700256347656,146.08099365234375,146.50900268554688,0
2025-07-10 15:00:00+00:00,146.50999450683594,146.56199645996094,146.1959991455078,146.2429962158203,0
2025-07-10 19:00:00+00:00,146.24099731445312,146.28799438476562,146.16400146484375,146.20700073242188,0
2025-07-10 23:00:00+00:00,146.20700073242188,147.0399932861328,146.12600708007812,147.01800537109375,0
2025-07-11 03:00:00+00:00,147.01400756835938,147.1840057373047,146.72999572753906,146.9199981689453,0
2025-07-11 07:00:00+00:00,146.9219970703125,147.08399963378906,146.71600341796875,146.8159942626953,0
2025-07-11 11:00:00+00:00,146.81300354003906,147.5229949951172,146.76400756835938,147.33799743652344,0
2025-07-11 15:00:00+00:00,147.39199829101562,147.44900512695312,147.25,147.44400024414062,0
2025-07-11 19:00:00+00:00,147.4459991455078,147.47900390625,147.33900451660156,147.41099548339844,0
2025-07-13 23:00:00+00:00,147.4969940185547,147.5679931640625,146.8470001220703,147.27499389648438,0
2025-07-14 03:00:00+00:00,147.27499389648438,147.48399353027344,147.1020050048828,147.25599670410156,0
2025-07-14 07:00:00+00:00,147.26100158691406,147.38400268554688,147.14700317382812,147.20199584960938,0
2025-07-14 11:00:00+00:00,147.1999969482422,147.52200317382812,147.1999969482422,147.45899963378906,0
2025-07-14 15:00:00+00:00,147.46200561523438,147.76499938964844,147.43299865722656,147.76199340820312,0
2025-07-14 19:00:00+00:00,147.76100158691406,147.78900146484375,147.6580047607422,147.76699829101562,0
2025-07-14 23:00:00+00:00,147.75999450683594,147.88699340820312,147.5570068359375,147.61099243164062,0
2025-07-15 03:00:00+00:00,147.61000061035156,147.7480010986328,147.54800415039062,147.697998046875,0
2025-07-15 07:00:00+00:00,147.697998046875,147.78799438476562,147.6060028076172,147.72999572753906,0
2025-07-15 11:00:00+00:00,147.73199462890625,148.8990020751953,147.64700317382812,148.81500244140625,0
2025-07-15 15:00:00+00:00,148.8159942626953,149.0229949951172,148.70799255371094,148.8520050048828,0
2025-07-15 19:00:00+00:00,148.8509979248047,148.927001953125,148.80299377441406,148.88499450683594,0
2025-07-15 23:00:00+00:00,148.8780059814453,149.03799438476562,148.7010040283203,148.9040069580078,0
2025-07-16 03:00:00+00:00,148.90499877929688,149.18600463867188,148.61599731445312,148.6490020751953,0
2025-07-16 07:00:00+00:00,148.64700317382812,148.92799377441406,148.61399841308594,148.7100067138672,0
2025-07-16 11:00:00+00:00,148.71400451660156,148.9290008544922,148.3040008544922,148.47000122070312,0
2025-07-16 15:00:00+00:00,148.468994140625,148.51199340820312,146.9040069580078,147.9429931640625,0
2025-07-16 19:00:00+00:00,147.94500732421875,148.0229949951172,147.7169952392578,147.8820037841797,0
2025-07-16 23:00:00+00:00,147.87600708007812,148.50100708007812,147.76199340820312,148.4499969482422,0
2025-07-17 03:00:00+00:00,148.4510040283203,148.80499267578125,148.36399841308594,148.6280059814453,0
2025-07-17 07:00:00+00:00,148.6269989013672,148.83399963378906,148.51800537109375,148.63900756835938,0
2025-07-17 11:00:00+00:00,148.63699340820312,149.08700561523438,148.3769989013672,148.4810028076172,0
2025-07-17 15:00:00+00:00,148.4810028076172,148.7530059814453,148.4510040283203,148.72500610351562,0
2025-07-17 19:00:00+00:00,148.7209930419922,148.7530059814453,148.29299926757812,148.31900024414062,0
2025-07-17 23:00:00+00:00,148.31300354003906,148.6269989013672,148.28500366210938,148.5189971923828,0
2025-07-18 03:00:00+00:00,148.51600646972656,148.83700561523438,148.4720001220703,148.74000549316406,0
2025-07-18 07:00:00+00:00,148.74099731445312,148.88400268554688,148.49400329589844,148.51400756835938,0
2025-07-18 11:00:00+00:00,148.5189971923828,148.58299255371094,148.17999267578125,148.4759979248047,0
2025-07-18 15:00:00+00:00,148.47900390625,148.79400634765625,148.35800170898438,148.76400756835938,0
2025-07-18 19:00:00+00:00,148.77000427246094,148.85299682617188,148.6909942626953,148.74899291992188,0
2025-07-20 23:00:00+00:00,148.58700561523438,148.6649932861328,148.23599243164062,148.4980010986328,0
2025-07-21 03:00:00+00:00,148.49899291992188,148.5590057373047,147.77000427246094,147.93299865722656,0
2025-07-21 07:00:00+00:00,147.93499755859375,148.2449951171875,147.68800354003906,147.7550048828125,0
2025-07-21 11:00:00+00:00,147.7530059814453,147.76600646972656,147.28199768066406,147.4239959716797,0
2025-07-21 15:00:00+00:00,147.4250030517578,147.42799377441406,147.0780029296875,147.3280029296875,0
2025-07-21 19:00:00+00:00,147.3260040283203,147.43699645996094,147.1929931640625,147.38600158691406,0
2025-07-21 23:00:00+00:00,147.39500427246094,147.71299743652344,147.38600158691406,147.45799255371094,0
2025-07-22 03:00:00+00:00,147.46400451660156,147.93099975585938,147.41400146484375,147.81700134277344,0
2025-07-22 07:00:00+00:00,147.822998046875,147.94700622558594,147.35899353027344,147.53500366210938,0
2025-07-22 11:00:00+00:00,147.531005859375,147.5709991455078,146.32000732421875,146.447998046875,0
2025-07-22 15:00:00+00:00,146.4459991455078,146.59300231933594,146.302001953125,146.56500244140625,0
2025-07-22 19:00:00+00:00,146.5659942626953,146.77499389648438,146.48699951171875,146.7030029296875,0
2025-07-22 23:00:00+00:00,146.68800354003906,147.20399475097656,146.19400024414062,146.92799377441406,0
2025-07-23 03:00:00+00:00,146.9340057373047,147.21499633789062,146.64700317382812,146.85800170898438,0
2025-07-23 07:00:00+00:00,146.8800048828125,146.9040069580078,146.2760009765625,146.4080047607422,0
2025-07-23 11:00:00+00:00,146.4040069580078,146.72900390625,146.10400390625,146.41600036621094,0
2025-07-23 15:00:00+00:00,146.41700744628906,146.6230010986328,146.23199462890625,146.46499633789062,0
2025-07-23 19:00:00+00:00,146.46499633789062,146.5800018310547,146.33999633789062,146.44400024414062,0
2025-07-23 23:00:00+00:00,146.44400024414062,146.49200439453125,145.85000610351562,146.03900146484375,0
2025-07-24 03:00:00+00:00,146.03900146484375,146.3040008544922,145.8939971923828,146.27499389648438,0
2025-07-24 07:00:00+00:00,146.27000427246094,146.66000366210938,146.13999938964844,146.57200622558594,0
2025-07-24 11:00:00+00:00,146.56700134277344,146.8730010986328,146.35299682617188,146.781005859375,0
2025-07-24 15:00:00+00:00,146.7779998779297,146.9530029296875,146.73399353027344,146.91799926757812,0
2025-07-24 19:00:00+00:00,146.91700744628906,147.23300170898438,146.8470001220703,147.0330047607422,0
2025-07-24 23:00:00+00:00,147.05299377441406,147.4929962158203,146.95799255371094,147.41600036621094,0
2025-07-25 03:00:00+00:00,147.4149932861328,147.43800354003906,146.80799865722656,147.0590057373047,0
2025-07-25 07:00:00+00:00,147.05499267578125,147.90199279785156,147.03599548339844,147.7740020751953,0
2025-07-25 11:00:00+00:00,147.77200317382812,147.94000244140625,147.52499389648438,147.72999572753906,0
2025-07-25 15:00:00+00:00,147.7270050048828,147.83599853515625,147.54400634765625,147.56500244140625,0
2025-07-25 19:00:00+00:00,147.5659942626953,147.6909942626953,147.52499389648438,147.6219940185547,0
2025-07-27 23:00:00+00:00,147.80999755859375,148.02200317382812,147.51400756835938,147.83599853515625,0
2025-07-28 03:00:00+00:00,147.83700561523438,148.2100067138672,147.6219940185547,148.0189971923828,0
2025-07-28 07:00:00+00:00,148.01400756835938,148.4340057373047,147.78599548339844,148.406005859375,0
2025-07-28 11:00:00+00:00,148.41099548339844,148.44700622558594,147.9340057373047,148.2760009765625,0
2025-07-28 15:00:00+00:00,148.27699279785156,148.57899475097656,148.25399780273438,148.5570068359375,0
2025-07-28 19:00:00+00:00,148.55499267578125,148.5800018310547,148.42100524902344,148.51800537109375,0
2025-07-28 23:00:00+00:00,148.5,148.71099853515625,148.28700256347656,148.34100341796875,0
2025-07-29 03:00:00+00:00,148.3459930419922,148.54200744628906,148.1529998779297,148.52000427246094,0
2025-07-29 07:00:00+00:00,148.51699829101562,148.7519989013672,148.35000610351562,148.54400634765625,0
2025-07-29 11:00:00+00:00,148.54299926757812,148.80799865722656,148.42999267578125,148.4720001220703,0
2025-07-29 15:00:00+00:00,148.46800231933594,148.6230010986328,148.33299255371094,148.4290008544922,0
2025-07-29 19:00:00+00:00,148.42799377441406,148.51300048828125,148.3419952392578,148.46600341796875,0
2025-07-29 23:00:00+00:00,148.4669952392578,148.52499389648438,147.94000244140625,148.04400634765625,0
2025-07-30 03:00:00+00:00,148.04400634765625,148.1719970703125,147.84300231933594,147.89700317382812,0
2025-07-30 07:00:00+00:00,147.89700317382812,148.29400634765625,147.79800415039062,148.17100524902344,0
2025-07-30 11:00:00+00:00,148.1699981689453,149.10499572753906,148.10899353027344,148.92100524902344,0
2025-07-30 15:00:00+00:00,148.9219970703125,149.35400390625,148.51800537109375,149.3470001220703,0
2025-07-30 19:00:00+00:00,149.35000610351562,149.5540008544922,149.22000122070312,149.31500244140625,0
2025-07-30 23:00:00+00:00,149.31199645996094,149.3939971923828,148.63400268554688,148.83299255371094,0
2025-07-31 03:00:00+00:00,148.8350067138672,149.0919952392578,148.58200073242188,148.8780059814453,0
2025-07-31 07:00:00+00:00,148.875,150.0469970703125,148.84800720214844,149.94400024414062,0
2025-07-31 11:00:00+00:00,149.94200134277344,150.63400268554688,149.8070068359375,150.47799682617188,0
2025-07-31 15:00:00+00:00,150.4770050048828,150.7899932861328,150.34300231933594,150.75799560546875,0
2025-07-31 19:00:00+00:00,150.7570037841797,150.8419952392578,150.66000366210938,150.71299743652344,0
2025-07-31 23:00:00+00:00,150.73899841308594,150.91900634765625,150.58999633789062,150.7570037841797,0
2025-08-01 03:00:00+00:00,150.76400756835938,150.7779998779297,150.41000366210938,150.6020050048828,0
2025-08-01 07:00:00+00:00,150.60499572753906,150.6300048828125,150.31900024414062,150.35899353027344,0
2025-08-01 11:00:00+00:00,150.35499572753906,150.5970001220703,147.47799682617188,148.08900451660156,0
2025-08-01 15:00:00+00:00,148.0850067138672,148.16700744628906,147.67799377441406,147.8520050048828,0
2025-08-01 19:00:00+00:00,147.85000610351562,147.86199951171875,147.28799438476562,147.38099670410156,0
2025-08-03 23:00:00+00:00,147.24200439453125,147.90699768066406,147.11199951171875,147.79400634765625,0
2025-08-04 03:00:00+00:00,147.7949981689453,147.8719940185547,147.5279998779297,147.63600158691406,0
2025-08-04 07:00:00+00:00,147.6439971923828,148.08799743652344,147.55999755859375,147.57400512695312,0
2025-08-04 11:00:00+00:00,147.57699584960938,147.59800720214844,146.86000061035156,147.22999572753906,0
2025-08-04 15:00:00+00:00,147.22900390625,147.35499572753906,146.90699768066406,146.9459991455078,0
2025-08-04 19:00:00+00:00,146.9459991455078,147.15499877929688,146.8730010986328,146.93299865722656,0
2025-08-04 23:00:00+00:00,146.90699768066406,147.22900390625,146.61599731445312,147.18699645996094,0
2025-08-05 03:00:00+00:00,147.1840057373047,147.3419952392578,147.0,147.3249969482422,0
2025-08-05 07:00:00+00:00,147.3260040283203,147.77999877929688,147.15199279785156,147.61599731445312,0
2025-08-05 11:00:00+00:00,147.61599731445312,147.8350067138672,147.35000610351562,147.447998046875,0
2025-08-05 15:00:00+00:00,147.4499969482422,147.68099975585938,147.30299377441406,147.60400390625,0
2025-08-05 19:00:00+00:00,147.60899353027344,147.70399475097656,147.49600219726562,147.55799865722656,0
2025-08-05 23:00:00+00:00,147.5590057373047,147.74899291992188,147.44500732421875,147.5570068359375,0
2025-08-06 03:00:00+00:00,147.5570068359375,147.55799865722656,147.302001953125,147.5500030517578,0
2025-08-06 07:00:00+00:00,147.54600524902344,147.88600158691406,147.52999877929688,147.5800018310547,0
2025-08-06 11:00:00+00:00,147.58099365234375,147.65499877929688,147.23599243164062,147.38999938964844,0
2025-08-06 15:00:00+00:00,147.38900756835938,147.6649932861328,146.9720001220703,147.06700134277344,0
2025-08-06 19:00:00+00:00,147.0679931640625,147.63400268554688,147.06199645996094,147.2220001220703,0
2025-08-06 23:00:00+00:00,147.21400451660156,147.68600463867188,147.14500427246094,147.55999755859375,0
2025-08-07 03:00:00+00:00,147.56100463867188,147.71099853515625,146.79600524902344,146.85499572753906,0
2025-08-07 07:00:00+00:00,146.85000610351562,147.4029998779297,146.68800354003906,147.3260040283203,0
2025-08-07 11:00:00+00:00,147.3249969482422,147.54299926757812,147.01400756835938,147.48699951171875,0
2025-08-07 15:00:00+00:00,147.49200439453125,147.5850067138672,147.2989959716797,147.56199645996094,0
2025-08-07 19:00:00+00:00,147.55999755859375,147.56700134277344,146.8070068359375,146.9239959716797,0
2025-08-07 23:00:00+00:00,146.94500732421875,147.37399291992188,146.71600341796875,147.19500732421875,0
2025-08-08 03:00:00+00:00,147.19700622558594,147.4510040283203,147.11199951171875,147.32699584960938,0
2025-08-08 07:00:00+00:00,147.322998046875,147.83700561523438,147.1320037841797,147.79800415039062,0
2025-08-08 11:00:00+00:00,147.802001953125,147.9040069580078,147.63299560546875,147.81300354003906,0
2025-08-08 15:00:00+00:00,147.8159942626953,147.83599853515625,147.6269989013672,147.6649932861328,0
2025-08-08 19:00:00+00:00,147.66200256347656,147.81900024414062,147.64199829101562,147.71600341796875,0
2025-08-10 23:00:00+00:00,147.7259979248047,147.77099609375,147.51699829101562,147.55499267578125,0
2025-08-11 03:00:00+00:00,147.55599975585938,147.60899353027344,147.4219970703125,147.5919952392578,0
2025-08-11 07:00:00+00:00,147.5919952392578,147.74400329589844,147.3470001220703,147.73500061035156,0
2025-08-11 11:00:00+00:00,147.73599243164062,148.072998046875,147.71600341796875,148.0469970703125,0
2025-08-11 15:00:00+00:00,148.04800415039062,148.16600036621094,147.9080047607422,148.13600158691406,0
2025-08-11 19:00:00+00:00,148.1300048828125,148.2519989013672,147.92300415039062,148.19000244140625,0
2025-08-11 23:00:00+00:00,148.19000244140625,148.43299865722656,148.11399841308594,148.29600524902344,0
2025-08-12 03:00:00+00:00,148.2949981689453,148.44500732421875,148.14599609375,148.26600646972656,0
2025-08-12 07:00:00+00:00,148.2729949951172,148.48500061035156,148.20199584960938,148.46499633789062,0
2025-08-12 11:00:00+00:00,148.46299743652344,148.5189971923828,147.84100341796875,148.15699768066406,0
2025-08-12 15:00:00+00:00,148.15899658203125,148.177001953125,147.57400512695312,147.73699951171875,0
2025-08-12 19:00:00+00:00,147.73800659179688,147.87600708007812,147.6909942626953,147.78399658203125,0
2025-08-12 23:00:00+00:00,147.79299926757812,148.16900634765625,147.697998046875,148.04400634765625,0
2025-08-13 03:00:00+00:00,148.04600524902344,148.10800170898438,147.71600341796875,147.781005859375,0
2025-08-13 07:00:00+00:00,147.7830047607422,147.7949981689453,147.1739959716797,147.40899658203125,0
2025-08-13 11:00:00+00:00,147.4080047607422,147.5659942626953,147.0989990234375,147.14500427246094,0
2025-08-13 15:00:00+00:00,147.1439971923828,147.51300048828125,147.08700561523438,147.43099975585938,0
2025-08-13 19:00:00+00:00,147.4340057373047,147.47500610351562,147.22999572753906,147.25900268554688,0
2025-08-13 23:00:00+00:00,147.25599670410156,147.25900268554688,146.36900329589844,146.6999969482422,0
2025-08-14 03:00:00+00:00,146.6959991455078,146.75100708007812,146.2100067138672,146.48399353027344,0
2025-08-14 07:00:00+00:00,146.4810028076172,146.6699981689453,146.30799865722656,146.5260009765625,0
2025-08-14 11:00:00+00:00,146.5240020751953,147.55799865722656,146.4219970703125,147.48199462890625,0
2025-08-14 15:00:00+00:00,147.48199462890625,147.96200561523438,147.47000122070312,147.8769989013672,0
2025-08-14 19:00:00+00:00,147.8719940185547,147.8800048828125,147.69400024414062,147.78599548339844,0
2025-08-14 23:00:00+00:00,147.7760009765625,147.8679962158203,147.197998046875,147.28399658203125,0
2025-08-15 03:00:00+00:00,147.28399658203125,147.2969970703125,147.04200744628906,147.09500122070312,0
2025-08-15 07:00:00+00:00,147.093994140625,147.22300720214844,146.75399780273438,146.95199584960938,0
2025-08-15 11:00:00+00:00,146.94900512695312,147.27999877929688,146.73399353027344,146.85000610351562,0
2025-08-15 15:00:00+00:00,146.8509979248047,147.33200073242188,146.80999755859375,147.21099853515625,0
2025-08-15 19:00:00+00:00,147.21099853515625,147.25599670410156,147.13800048828125,147.177001953125,0
2025-08-17 23:00:00+00:00,147.1699981689453,147.58399963378906,147.16099548339844,147.46200561523438,0
2025-08-18 03:00:00+00:00,147.46299743652344,147.5070037841797,147.31500244140625,147.3780059814453,0
2025-08-18 07:00:00+00:00,147.3699951171875,147.52099609375,147.11300659179688,147.42100524902344,0
2025-08-18 11:00:00+00:00,147.4199981689453,147.97999572753906,147.35899353027344,147.93600463867188,0
2025-08-18 15:00:00+00:00,147.93600463867188,147.98500061035156,147.6540069580078,147.85899353027344,0
2025-08-18 19:00:00+00:00,147.85699462890625,147.9250030517578,147.71200561523438,147.85400390625,0
2025-08-18 23:00:00+00:00,147.87100219726562,148.11300659179688,147.61500549316406,147.80299377441406,0
2025-08-19 03:00:00+00:00,147.80999755859375,147.8780059814453,147.5659942626953,147.59500122070312,0
2025-08-19 07:00:00+00:00,147.59800720214844,147.81300354003906,147.52699279785156,147.71299743652344,0
2025-08-19 11:00:00+00:00,147.7050018310547,147.9029998779297,147.5469970703125,147.7259979248047,0
2025-08-19 15:00:00+00:00,147.73199462890625,147.79100036621094,147.43899536132812,147.5070037841797,0
2025-08-19 19:00:00+00:00,147.5070037841797,147.697998046875,147.45399475097656,147.5959930419922,0
2025-08-19 23:00:00+00:00,147.593994140625,147.81700134277344,147.41600036621094,147.57899475097656,0
2025-08-20 03:00:00+00:00,147.572998046875,147.60800170898438,147.1320037841797,147.3719940185547,0
2025-08-20 07:00:00+00:00,147.3780059814453,147.6959991455078,147.32400512695312,147.4510040283203,0
2025-08-20 11:00:00+00:00,147.4459991455078,147.5469970703125,146.86599731445312,146.9949951171875,0
2025-08-20 15:00:00+00:00,146.99000549316406,147.28700256347656,146.94400024414062,147.2689971923828,0
2025-08-20 19:00:00+00:00,147.26600646972656,147.4929962158203,147.23199462890625,147.33900451660156,0
2025-08-20 23:00:00+00:00,147.33900451660156,147.5070037841797,147.24899291992188,147.33700561523438,0
2025-08-21 03:00:00+00:00,147.33700561523438,147.57899475097656,147.2830047607422,147.5590057373047,0
2025-08-21 07:00:00+00:00,147.5590057373047,147.89100646972656,147.4739990234375,147.84800720214844,0
2025-08-21 11:00:00+00:00,147.83599853515625,148.1699981689453,147.5749969482422,148.15199279785156,0
2025-08-21 15:00:00+00:00,148.156005859375,148.4029998779297,148.072998046875,148.34100341796875,0
2025-08-21 19:00:00+00:00,148.3470001220703,148.40699768066406,148.21499633789062,148.3280029296875,0
2025-08-21 23:00:00+00:00,148.3280029296875,148.68499755859375,148.27499389648438,148.48800659179688,0
2025-08-22 03:00:00+00:00,148.48399353027344,148.7779998779297,148.41600036621094,148.51199340820312,0
2025-08-22 07:00:00+00:00,148.50999450683594,148.73399353027344,148.406005859375,148.6269989013672,0
2025-08-22 11:00:00+00:00,148.6269989013672,148.74000549316406,146.80099487304688,146.85299682617188,0
2025-08-22 15:00:00+00:00,146.8489990234375,146.89599609375,146.5679931640625,146.85899353027344,0
2025-08-22 19:00:00+00:00,146.86500549316406,147.00100708007812,146.83900451660156,146.91400146484375,0
2025-08-24 23:00:00+00:00,147.06300354003906,147.52699279785156,147.03900146484375,147.43299865722656,0
2025-08-25 03:00:00+00:00,147.43299865722656,147.43699645996094,147.0919952392578,147.1649932861328,0
2025-08-25 07:00:00+00:00,147.1580047607422,147.447998046875,147.13400268554688,147.43899536132812,0
2025-08-25 11:00:00+00:00,147.4340057373047,147.54600524902344,147.27699279785156,147.48899841308594,0
2025-08-25 15:00:00+00:00,147.48199462890625,147.8260040283203,147.3939971923828,147.80799865722656,0
2025-08-25 19:00:00+00:00,147.80499267578125,147.93699645996094,147.59800720214844,147.74000549316406,0
2025-08-25 23:00:00+00:00,147.72500610351562,147.87600708007812,146.9810028076172,147.51600646972656,0
2025-08-26 03:00:00+00:00,147.51199340820312,147.88699340820312,147.50999450683594,147.7760009765625,0
2025-08-26 07:00:00+00:00,147.77099609375,147.9080047607422,147.46800231933594,147.58299255371094,0
2025-08-26 11:00:00+00:00,147.58200073242188,147.7209930419922,147.3209991455078,147.49600219726562,0
2025-08-26 15:00:00+00:00,147.49600219726562,147.54400634765625,147.093994140625,147.37399291992188,0
2025-08-26 19:00:00+00:00,147.37600708007812,147.48899841308594,147.2270050048828,147.44400024414062,0
2025-08-26 23:00:00+00:00,147.4250030517578,147.73699951171875,147.35499572753906,147.7239990234375,0
2025-08-27 03:00:00+00:00,147.71499633789062,147.968994140625,147.6490020751953,147.7100067138672,0
2025-08-27 07:00:00+00:00,147.7050018310547,148.14500427246094,147.7050018310547,148.11700439453125,0
2025-08-27 11:00:00+00:00,148.11300659179688,148.18299865722656,147.81900024414062,147.85899353027344,0
2025-08-27 15:00:00+00:00,147.86300659179688,147.86599731445312,147.28700256347656,147.40199279785156,0
2025-08-27 19:00:00+00:00,147.40899658203125,147.52099609375,147.19500732421875,147.27200317382812,0
2025-08-27 23:00:00+00:00,147.2760009765625,147.48899841308594,147.18499755859375,147.24200439453125,0
2025-08-28 03:00:00+00:00,147.2429962158203,147.3459930419922,146.9929962158203,147.302001953125,0
2025-08-28 07:00:00+00:00,147.302001953125,147.4029998779297,146.90199279785156,146.9219970703125,0
2025-08-28 11:00:00+00:00,146.9219970703125,147.23199462890625,146.802001953125,146.96800231933594,0
2025-08-28 15:00:00+00:00,146.9669952392578,147.07000732421875,146.6540069580078,146.8159942626953,0
2025-08-28 19:00:00+00:00,146.81700134277344,147.08200073242188,146.802001953125,147.02699279785156,0
2025-08-28 23:00:00+00:00,147.03399658203125,147.11399841308594,146.75399780273438,146.88900756835938,0
2025-08-29 03:00:00+00:00,146.88800048828125,147.1739959716797,146.88600158691406,147.1540069580078,0
2025-08-29 07:00:00+00:00,147.1540069580078,147.24899291992188,146.86300659179688,147.1909942626953,0
2025-08-29 11:00:00+00:00,147.1909942626953,147.41099548339844,146.802001953125,146.8249969482422,0
2025-08-29 15:00:00+00:00,146.82699584960938,147.02699279785156,146.76100158691406,147.01499938964844,0
2025-08-29 19:00:00+00:00,147.00900268554688,147.1219940185547,146.91600036621094,146.9929962158203,0
2025-08-31 23:00:00+00:00,147.1199951171875,147.3820037841797,146.843994140625,146.89199829101562,0
2025-09-01 03:00:00+00:00,146.89199829101562,147.06199645996094,146.77999877929688,146.93699645996094,0
2025-09-01 07:00:00+00:00,146.92999267578125,147.2030029296875,146.89199829101562,147.13099670410156,0
2025-09-01 11:00:00+00:00,147.12399291992188,147.29800415039062,147.0540008544922,147.28799438476562,0
2025-09-01 15:00:00+00:00,147.2830047607422,147.30599975585938,147.19400024414062,147.21400451660156,0
2025-09-01 19:00:00+00:00,147.21400451660156,147.31199645996094,147.06100463867188,147.1479949951172,0
2025-09-01 23:00:00+00:00,147.1649932861328,147.71600341796875,147.0399932861328,147.65699768066406,0
2025-09-02 03:00:00+00:00,147.65699768066406,148.05099487304688,147.56700134277344,147.95799255371094,0
2025-09-02 07:00:00+00:00,147.96800231933594,148.79299926757812,147.9459991455078,148.6009979248047,0
2025-09-02 11:00:00+00:00,148.5919952392578,148.94500732421875,147.92999267578125,148.08200073242188,0
2025-09-02 15:00:00+00:00,148.08299255371094,148.53399658203125,148.06300354003906,148.46800231933594,0
2025-09-02 19:00:00+00:00,148.47500610351562,148.55999755859375,148.25999450683594,148.4969940185547,0
2025-09-02 23:00:00+00:00,148.4969940185547,148.9029998779297,148.44400024414062,148.8350067138672,0
2025-09-03 03:00:00+00:00,148.8350067138672,148.92300415039062,148.48399353027344,148.6060028076172,0
2025-09-03 07:00:00+00:00,148.60899353027344,149.13699340820312,148.427001953125,148.69500732421875,0
2025-09-03 11:00:00+00:00,148.68800354003906,148.79800415039062,148.06500244140625,148.16600036621094,0
2025-09-03 15:00:00+00:00,148.16700744628906,148.2010040283203,147.875,147.96600341796875,0
2025-09-03 19:00:00+00:00,147.968994140625,148.16000366210938,147.95899963378906,148.0540008544922,0
2025-09-03 23:00:00+00:00,148.0500030517578,148.1909942626953,147.78399658203125,148.1320037841797,0
2025-09-04 03:00:00+00:00,148.13499450683594,148.28399658203125,148.11399841308594,148.19000244140625,0
2025-09-04 07:00:00+00:00,148.1909942626953,148.41400146484375,148.1060028076172,148.2570037841797,0
2025-09-04 11:00:00+00:00,148.2570037841797,148.75100708007812,148.0019989013672,148.73399353027344,0
2025-09-04 15:00:00+00:00,148.73199462890625,148.7779998779297,148.5330047607422,148.56500244140625,0
2025-09-04 19:00:00+00:00,148.55499267578125,148.5659942626953,148.31900024414062,148.44000244140625,0
2025-09-04 23:00:00+00:00,148.4720001220703,148.5050048828125,148.0760040283203,148.17300415039062,0
2025-09-05 03:00:00+00:00,148.17999267578125,148.2740020751953,148.10499572753906,148.23500061035156,0
2025-09-05 07:00:00+00:00,148.23199462890625,148.25799560546875,148.0760040283203,148.13999938964844,0
2025-09-05 11:00:00+00:00,148.13999938964844,148.25100708007812,146.98599243164062,147.072998046875,0
2025-09-05 15:00:00+00:00,147.07200622558594,147.48500061035156,146.81199645996094,147.4600067138672,0
2025-09-05 19:00:00+00:00,147.45899963378906,147.50599670410156,147.3249969482422,147.3939971923828,0
2025-09-07 23:00:00+00:00,148.42799377441406,148.57699584960938,148.0,148.0760040283203,0
2025-09-08 03:00:00+00:00,148.0749969482422,148.2530059814453,147.7969970703125,147.82699584960938,0
2025-09-08 07:00:00+00:00,147.82000732421875,147.87899780273438,147.4600067138672,147.80099487304688,0
2025-09-08 11:00:00+00:00,147.80299377441406,147.88099670410156,147.5330047607422,147.74400329589844,0
2025-09-08 15:00:00+00:00,147.74899291992188,147.77699279785156,147.44200134277344,147.45899963378906,0
2025-09-08 19:00:00+00:00,147.4550018310547,147.5749969482422,147.33099365234375,147.4040069580078,0
2025-09-08 23:00:00+00:00,147.40499877929688,147.4320068359375,147.14599609375,147.3280029296875,0
2025-09-09 03:00:00+00:00,147.3280029296875,147.40199279785156,146.81199645996094,147.04600524902344,0
2025-09-09 07:00:00+00:00,147.04600524902344,147.33299255371094,146.3040008544922,146.46499633789062,0
2025-09-09 11:00:00+00:00,146.46499633789062,147.13299560546875,146.45599365234375,147.09500122070312,0
2025-09-09 15:00:00+00:00,147.093994140625,147.4320068359375,147.08999633789062,147.39500427246094,0
2025-09-09 19:00:00+00:00,147.3979949951172,147.47000122070312,147.24099731445312,147.34300231933594,0
2025-09-09 23:00:00+00:00,147.3489990234375,147.5709991455078,147.29100036621094,147.29600524902344,0
2025-09-10 03:00:00+00:00,147.2949981689453,147.58599853515625,147.26400756835938,147.56500244140625,0
2025-09-10 07:00:00+00:00,147.5679931640625,147.57000732421875,147.38800048828125,147.4709930419922,0
2025-09-10 11:00:00+00:00,147.47500610351562,147.64700317382812,147.08399963378906,147.4010009765625,0
2025-09-10 15:00:00+00:00,147.40199279785156,147.44000244140625,147.24200439453125,147.32000732421875,0
2025-09-10 19:00:00+00:00,147.32000732421875,147.4669952392578,147.2969970703125,147.343994140625,0
2025-09-10 23:00:00+00:00,147.33700561523438,147.47900390625,147.27699279785156,147.46099853515625,0
2025-09-11 03:00:00+00:00,147.45700073242188,147.7899932861328,147.40899658203125,147.718994140625,0
2025-09-11 07:00:00+00:00,147.718994140625,147.99000549316406,147.6490020751953,147.968994140625,0
2025-09-11 11:00:00+00:00,147.96499633789062,148.17999267578125,146.98800659179688,147.18299865722656,0
2025-09-11 15:00:00+00:00,147.18600463867188,147.30799865722656,146.97999572753906,147.1699981689453,0
2025-09-11 19:00:00+00:00,147.17300415039062,147.2429962158203,147.08200073242188,147.19700622558594,0
2025-09-11 23:00:00+00:00,147.17999267578125,147.47799682617188,147.1439971923828,147.41700744628906,0
2025-09-12 03:00:00+00:00,147.41700744628906,147.5540008544922,147.3179931640625,147.3979949951172,0
2025-09-12 07:00:00+00:00,147.4040069580078,147.98199462890625,147.23599243164062,147.74600219726562,0
2025-09-12 11:00:00+00:00,147.7480010986328,148.07200622558594,147.58399963378906,147.66600036621094,0
2025-09-12 15:00:00+00:00,147.66700744628906,147.875,147.46600341796875,147.48199462890625,0
2025-09-12 19:00:00+00:00,147.48199462890625,147.7220001220703,147.45799255371094,147.64500427246094,0
2025-09-14 23:00:00+00:00,147.70399475097656,147.7259979248047,147.50100708007812,147.51100158691406,0
2025-09-15 03:00:00+00:00,147.51199340820312,147.60699462890625,147.33399963378906,147.52499389648438,0
2025-09-15 07:00:00+00:00,147.52099609375,147.593994140625,147.23800659179688,147.38999938964844,0
2025-09-15 11:00:00+00:00,147.38800048828125,147.47799682617188,147.2259979248047,147.41400146484375,0
2025-09-15 15:00:00+00:00,147.41700744628906,147.43499755859375,147.23599243164062,147.3260040283203,0
2025-09-15 19:00:00+00:00,147.31900024414062,147.42999267578125,147.2729949951172,147.39300537109375,0
2025-09-15 23:00:00+00:00,147.38699340820312,147.53799438476562,147.11199951171875,147.14599609375,0
2025-09-16 03:00:00+00:00,147.14599609375,147.197998046875,146.78399658203125,146.79600524902344,0
2025-09-16 07:00:00+00:00,147.06700134277344,147.08999633789062,147.01400756835938,147.0540008544922,0
2025-09-16 11:00:00+00:00,147.0500030517578,147.25599670410156,146.51100158691406,146.52099609375,0
2025-09-16 15:00:00+00:00,146.52099609375,146.6820068359375,146.2740020751953,146.33799743652344,0
2025-09-16 19:00:00+00:00,146.343994140625,146.54100036621094,146.33900451660156,146.50999450683594,0
2025-09-16 23:00:00+00:00,146.48399353027344,146.60400390625,146.20700073242188,146.53599548339844,0
2025-09-17 03:00:00+00:00,146.53399658203125,146.56300354003906,146.36300659179688,146.49400329589844,0
2025-09-17 07:00:00+00:00,146.49000549316406,146.6820068359375,146.1999969482422,146.26800537109375,0
2025-09-17 11:00:00+00:00,146.27099609375,146.47799682617188,146.2050018310547,146.33700561523438,0
2025-09-17 15:00:00+00:00,146.33799743652344,146.85699462890625,145.4759979248047,146.71099853515625,0
2025-09-17 19:00:00+00:00,146.71600341796875,147.04800415039062,146.43499755859375,146.83799743652344,0
2025-09-17 23:00:00+00:00,146.83299255371094,147.14700317382812,146.76199340820312,146.89999389648438,0
2025-09-18 03:00:00+00:00,146.9010009765625,147.53199768066406,146.84800720214844,147.406005859375,0
2025-09-18 07:00:00+00:00,147.4040069580078,147.48800659179688,147.02200317382812,147.25599670410156,0
2025-09-18 11:00:00+00:00,147.25599670410156,148.26699829101562,147.20899963378906,148.01199340820312,0
2025-09-18 15:00:00+00:00,148.0070037841797,148.0800018310547,147.8000030517578,147.87899780273438,0
2025-09-18 19:00:00+00:00,147.875,148.01699829101562,147.83900451660156,147.9320068359375,0
2025-09-18 23:00:00+00:00,147.9320068359375,148.11300659179688,147.88900756835938,147.99099731445312,0
2025-09-19 03:00:00+00:00,147.97799682617188,147.99200439453125,147.19200134277344,147.8459930419922,0
2025-09-19 07:00:00+00:00,147.8459930419922,148.0330047607422,147.65699768066406,147.94000244140625,0
2025-09-19 11:00:00+00:00,147.93699645996094,148.2830047607422,147.78500366210938,147.8820037841797,0
2025-09-19 15:00:00+00:00,147.8820037841797,147.97500610351562,147.7899932861328,147.95799255371094,0
2025-09-19 19:00:00+00:00,147.96299743652344,147.9949951171875,147.9149932861328,147.95399475097656,0
2025-09-21 23:00:00+00:00,147.98599243164062,148.35299682617188,147.968994140625,148.3419952392578,0
2025-09-22 03:00:00+00:00,148.3419952392578,148.37600708007812,147.99099731445312,148.07200622558594,0
2025-09-22 07:00:00+00:00,148.072998046875,148.1320037841797,147.79299926757812,147.8520050048828,0
2025-09-22 11:00:00+00:00,147.85299682617188,147.98300170898438,147.7239990234375,147.87100219726562,0
2025-09-22 15:00:00+00:00,147.8769989013672,147.90199279785156,147.6510009765625,147.7239990234375,0
2025-09-22 19:00:00+00:00,147.7239990234375,147.86000061035156,147.64999389648438,147.70799255371094,0
2025-09-22 23:00:00+00:00,147.6929931640625,147.81399536132812,147.5959930419922,147.78799438476562,0
2025-09-23 03:00:00+00:00,147.78799438476562,147.86500549316406,147.6320037841797,147.70799255371094,0
2025-09-23 07:00:00+00:00,147.70799255371094,147.82200622558594,147.5030059814453,147.71200561523438,0
2025-09-23 11:00:00+00:00,147.71099853515625,147.88600158691406,147.61099243164062,147.76199340820312,0
2025-09-23 15:00:00+00:00,147.76199340820312,147.927001953125,147.45599365234375,147.5780029296875,0
2025-09-23 19:00:00+00:00,147.58200073242188,147.67300415039062,147.53500366210938,147.61000061035156,0
2025-09-23 23:00:00+00:00,147.61199951171875,147.8280029296875,147.51100158691406,147.76400756835938,0
2025-09-24 03:00:00+00:00,147.76400756835938,148.1060028076172,147.75399780273438,148.05299377441406,0
2025-09-24 07:00:00+00:00,148.05299377441406,148.42100524902344,147.99899291992188,148.38999938964844,0
2025-09-24 11:00:00+00:00,148.38999938964844,148.77999877929688,148.36900329589844,148.70599365234375,0
2025-09-24 15:00:00+00:00,148.70599365234375,148.8719940185547,148.67999267578125,148.8350067138672,0
2025-09-24 19:00:00+00:00,148.84300231933594,148.9149932861328,148.6719970703125,148.7949981689453,0
2025-09-24 23:00:00+00:00,148.7989959716797,148.85899353027344,148.5540008544922,148.74400329589844,0
2025-09-25 03:00:00+00:00,148.7480010986328,148.86099243164062,148.59300231933594,148.7779998779297,0
2025-09-25 07:00:00+00:00,148.781005859375,148.82699584960938,148.6300048828125,148.7989959716797,0
2025-09-25 11:00:00+00:00,148.7949981689453,149.63600158691406,148.7899932861328,149.6300048828125,0
2025-09-25 15:00:00+00:00,149.62899780273438,149.92799377441406,149.61900329589844,149.88299560546875,0
2025-09-25 19:00:00+00:00,149.88600158691406,149.89700317382812,149.7100067138672,149.75100708007812,0
2025-09-25 23:00:00+00:00,149.72900390625,149.95599365234375,149.6269989013672,149.7169952392578,0
2025-09-26 03:00:00+00:00,149.7169952392578,149.79800415039062,149.61099243164062,149.7169952392578,0
2025-09-26 07:00:00+00:00,149.72000122070312,149.9510040283203,149.64500427246094,149.88600158691406,0
2025-09-26 11:00:00+00:00,149.89199829101562,149.8979949951172,149.45700073242188,149.4980010986328,0
2025-09-26 15:00:00+00:00,149.4969940185547,149.59500122070312,149.39999389648438,149.4340057373047,0
2025-09-26 19:00:00+00:00,149.44000244140625,149.5590057373047,149.43099975585938,149.45399475097656,0
2025-09-28 23:00:00+00:00,149.46400451660156,149.4739990234375,148.89599609375,148.93800354003906,0
2025-09-29 03:00:00+00:00,148.93699645996094,148.97900390625,148.7050018310547,148.81700134277344,0
2025-09-29 07:00:00+00:00,148.82200622558594,148.83700561523438,148.4669952392578,148.6649932861328,0
2025-09-29 11:00:00+00:00,148.66200256347656,148.81199645996094,148.47500610351562,148.6439971923828,0
2025-09-29 15:00:00+00:00,148.64999389648438,148.6510009765625,148.4949951171875,148.63400268554688,0
2025-09-29 19:00:00+00:00,148.6320037841797,148.6959991455078,148.5290069580078,148.5959930419922,0
2025-09-29 23:00:00+00:00,148.5919952392578,148.84500122070312,148.4949951171875,148.71400451660156,0
2025-09-30 03:00:00+00:00,148.71099853515625,148.7209930419922,148.04200744628906,148.07200622558594,0
2025-09-30 07:00:00+00:00,148.06199645996094,148.17799377441406,147.8260040283203,148.0240020751953,0
2025-09-30 11:00:00+00:00,148.02000427246094,148.09800720214844,147.64700317382812,147.68099975585938,0
2025-09-30 15:00:00+00:00,147.6840057373047,148.01800537109375,147.64500427246094,147.86300659179688,0
2025-09-30 19:00:00+00:00,147.87100219726562,147.97999572753906,147.7779998779297,147.906005859375,0
2025-09-30 23:00:00+00:00,147.90899658203125,148.2259979248047,147.80099487304688,147.91099548339844,0
2025-10-01 03:00:00+00:00,147.90899658203125,147.99899291992188,147.16299438476562,147.2259979248047,0
2025-10-01 07:00:00+00:00,147.22999572753906,147.32200622558594,146.89199829101562,147.072998046875,0
2025-10-01 11:00:00+00:00,147.07400512695312,147.11700439453125,146.5800018310547,146.85800170898438,0
2025-10-01 15:00:00+00:00,146.86000061035156,147.25399780273438,146.83700561523438,147.08399963378906,0
2025-10-01 19:00:00+00:00,147.08799743652344,147.16600036621094,146.9929962158203,147.0050048828125,0
2025-10-01 23:00:00+00:00,147.00399780273438,147.32200622558594,146.9320068359375,147.16000366210938,0
2025-10-02 03:00:00+00:00,147.16099548339844,147.3800048828125,146.88499450683594,147.156005859375,0
2025-10-02 07:00:00+00:00,147.156005859375,147.21600341796875,146.593994140625,146.63900756835938,0
2025-10-02 11:00:00+00:00,146.63600158691406,147.34300231933594,146.6199951171875,147.32899475097656,0
2025-10-02 15:00:00+00:00,147.3260040283203,147.51400756835938,147.13600158691406,147.21299743652344,0
2025-10-02 19:00:00+00:00,147.20799255371094,147.29299926757812,147.125,147.1840057373047,0
2025-10-02 23:00:00+00:00,147.18600463867188,147.68600463867188,147.08799743652344,147.64999389648438,0
2025-10-03 03:00:00+00:00,147.64500427246094,147.81500244140625,147.4929962158203,147.60000610351562,0
2025-10-03 07:00:00+00:00,147.60000610351562,147.68299865722656,147.2740020751953,147.322998046875,0
2025-10-03 11:00:00+00:00,147.31500244140625,147.51800537109375,147.01800537109375,147.4459991455078,0
2025-10-03 15:00:00+00:00,147.44000244140625,147.54400634765625,147.3000030517578,147.49600219726562,0
2025-10-03 19:00:00+00:00,147.4969940185547,147.52499389648438,147.3769989013672,147.48699951171875,0
2025-10-05 23:00:00+00:00,149.32400512695312,149.91799926757812,149.22000122070312,149.87100219726562,0
2025-10-06 03:00:00+00:00,149.87100219726562,150.43600463867188,149.81399536132812,150.031005859375,0
2025-10-06 07:00:00+00:00,150.0260009765625,150.4759979248047,149.94400024414062,150.2790069580078,0
2025-10-06 11:00:00+00:00,150.2790069580078,150.406005859375,149.74600219726562,149.9550018310547,0
2025-10-06 15:00:00+00:00,149.96099853515625,150.3209991455078,149.91700744628906,150.29299926757812,0
2025-10-06 19:00:00+00:00,150.29400634765625,150.39700317382812,150.18899536132812,150.32000732421875,0
2025-10-06 23:00:00+00:00,150.31300354003906,150.6179962158203,150.25599670410156,150.531005859375,0
2025-10-07 03:00:00+00:00,150.5260009765625,150.69700622558594,150.2429962158203,150.6219940185547,0
2025-10-07 07:00:00+00:00,150.6199951171875,150.83200073242188,150.52000427246094,150.76300048828125,0
2025-10-07 11:00:00+00:00,150.77200317382812,151.2050018310547,150.72900390625,151.1739959716797,0
2025-10-07 15:00:00+00:00,151.1699981689453,151.9340057373047,150.9759979248047,151.822998046875,0
2025-10-07 19:00:00+00:00,151.81900024414062,152.04400634765625,151.72900390625,151.84100341796875,0
2025-10-07 23:00:00+00:00,151.8090057373047,152.64700317382812,151.78799438476562,152.48300170898438,0
2025-10-08 03:00:00+00:00,152.47999572753906,152.56399536132812,152.24899291992188,152.33900451660156,0
2025-10-08 07:00:00+00:00,152.33900451660156,152.9980010986328,152.3249969482422,152.7270050048828,0
2025-10-08 11:00:00+00:00,152.73500061035156,152.84800720214844,152.36900329589844,152.5,0
2025-10-08 15:00:00+00:00,152.49899291992188,152.94500732421875,152.4980010986328,152.71200561523438,0
2025-10-08 19:00:00+00:00,152.71600341796875,152.7519989013672,152.48599243164062,152.52000427246094,0
2025-10-08 23:00:00+00:00,152.5229949951172,152.76499938964844,152.39999389648438,152.45799255371094,0
2025-10-09 03:00:00+00:00,152.45799255371094,153.13600158691406,152.447998046875,152.97999572753906,0
2025-10-09 07:00:00+00:00,152.97900390625,153.2169952392578,152.46400451660156,152.66000366210938,0
2025-10-09 11:00:00+00:00,152.6540069580078,153.1840057373047,152.0959930419922,153.03700256347656,0
2025-10-09 15:00:00+00:00,153.03700256347656,153.23199462890625,152.9029998779297,153.177001953125,0
2025-10-09 19:00:00+00:00,153.17799377441406,153.1790008544922,152.90899658203125,153.02699279785156,0
2025-10-09 23:00:00+00:00,153.0240020751953,153.27499389648438,152.8350067138672,152.91400146484375,0
2025-10-10 03:00:00+00:00,152.90899658203125,152.93499755859375,152.3769989013672,152.52699279785156,0
2025-10-10 07:00:00+00:00,152.53199768066406,152.9499969482422,152.47900390625,152.71200561523438,0
2025-10-10 11:00:00+00:00,152.71499633789062,152.75799560546875,152.41299438476562,152.4600067138672,0
2025-10-10 15:00:00+00:00,152.45899963378906,152.46200561523438,151.5,151.7169952392578,0
2025-10-10 19:00:00+00:00,151.7100067138672,151.80599975585938,151.11900329589844,151.11900329589844,0
2025-10-12 23:00:00+00:00,151.92599487304688,152.0850067138672,151.73199462890625,151.93499755859375,0
2025-10-13 03:00:00+00:00,151.92999267578125,152.02699279785156,151.71200561523438,151.93699645996094,0
2025-10-13 07:00:00+00:00,151.93800354003906,152.447998046875,151.90699768066406,152.16600036621094,0
2025-10-13 11:00:00+00:00,152.16299438476562,152.44700622558594,151.97300720214844,152.36300659179688,0
2025-10-13 15:00:00+00:00,152.36399841308594,152.39100646972656,152.18899536132812,152.2830047607422,0
2025-10-13 19:00:00+00:00,152.27699279785156,152.35000610351562,152.156005859375,152.33999633789062,0
2025-10-13 23:00:00+00:00,152.33399963378906,152.61300659179688,152.27499389648438,152.37600708007812,0
2025-10-14 03:00:00+00:00,152.37600708007812,152.3939971923828,151.61599731445312,151.88999938964844,0
2025-10-14 07:00:00+00:00,151.89300537109375,152.1529998779297,151.66799926757812,151.9429931640625,0
2025-10-14 11:00:00+00:00,151.94400024414062,152.16400146484375,151.81500244140625,151.83099365234375,0
2025-10-14 15:00:00+00:00,151.8260040283203,151.93800354003906,151.66299438476562,151.7550048828125,0
2025-10-14 19:00:00+00:00,151.7550048828125,151.8699951171875,151.59800720214844,151.8000030517578,0
2025-10-14 23:00:00+00:00,151.8000030517578,151.8520050048828,151.02999877929688,151.0489959716797,0
2025-10-15 03:00:00+00:00,151.05299377441406,151.27099609375,150.8939971923828,151.03799438476562,0
2025-10-15 07:00:00+00:00,151.03199768066406,151.4929962158203,150.97999572753906,151.36099243164062,0
2025-10-15 11:00:00+00:00,151.36199951171875,151.73699951171875,151.31100463867188,151.39599609375,0
2025-10-15 15:00:00+00:00,151.39599609375,151.4600067138672,151.03199768066406,151.32699584960938,0
2025-10-15 19:00:00+00:00,151.3350067138672,151.343994140625,150.74200439453125,150.89999389648438,0
2025-10-15 23:00:00+00:00,150.90699768066406,151.09100341796875,150.5070037841797,150.7729949951172,0
2025-10-16 03:00:00+00:00,150.77200317382812,151.27099609375,150.7239990234375,151.19500732421875,0
2025-10-16 07:00:00+00:00,151.197998046875,151.39700317382812,150.93600463867188,151.1739959716797,0
2025-10-16 11:00:00+00:00,151.17300415039062,151.3719940185547,150.74899291992188,150.7740020751953,0
2025-10-16 15:00:00+00:00,150.7689971923828,150.86700439453125,150.21800231933594,150.3300018310547,0
2025-10-16 19:00:00+00:00,150.33599853515625,150.4499969482422,150.20399475097656,150.26100158691406,0
2025-10-16 23:00:00+00:00,150.2519989013672,150.38900756835938,150.03700256347656,150.17599487304688,0
2025-10-17 03:00:00+00:00,150.1820068359375,150.1820068359375,149.6199951171875,149.62600708007812,0
2025-10-17 07:00:00+00:00,149.63099670410156,149.96099853515625,149.3699951171875,149.9250030517578,0
2025-10-17 11:00:00+00:00,149.9250030517578,150.5919952392578,149.86300659179688,150.4199981689453,0
2025-10-17 15:00:00+00:00,150.41400146484375,150.53399658203125,150.19900512695312,150.4949951171875,0
2025-10-17 19:00:00+00:00,150.4980010986328,150.63999938964844,150.44700622558594,150.58399963378906,0
2025-10-19 23:00:00+00:00,150.822998046875,151.1999969482422,150.75999450683594,150.86500549316406,0
2025-10-20 03:00:00+00:00,150.86500549316406,150.88699340820312,150.48699951171875,150.68699645996094,0
2025-10-20 07:00:00+00:00,150.67799377441406,150.8350067138672,150.26600646972656,150.71200561523438,0
2025-10-20 11:00:00+00:00,150.6999969482422,150.8560028076172,150.40499877929688,150.58799743652344,0
2025-10-20 15:00:00+00:00,150.59100341796875,150.82699584960938,150.47999572753906,150.68499755859375,0
2025-10-20 19:00:00+00:00,150.69000244140625,150.76600646972656,150.61599731445312,150.7429962158203,0
2025-10-20 23:00:00+00:00,150.72500610351562,151.14500427246094,150.46299743652344,151.11099243164062,0
2025-10-21 03:00:00+00:00,151.1179962158203,151.60699462890625,150.8560028076172,151.25599670410156,0
2025-10-21 07:00:00+00:00,151.2469940185547,152.04800415039062,151.05599975585938,151.91700744628906,0
2025-10-21 11:00:00+00:00,151.92599487304688,152.1739959716797,151.44900512695312,151.87100219726562,0
2025-10-21 15:00:00+00:00,151.86900329589844,151.9720001220703,151.64599609375,151.9080047607422,0
2025-10-21 19:00:00+00:00,151.91000366210938,151.97000122070312,151.8489990234375,151.9250030517578,0
2025-10-21 23:00:00+00:00,151.93099975585938,151.95899963378906,151.48399353027344,151.62899780273438,0
2025-10-22 03:00:00+00:00,151.6269989013672,151.94900512695312,151.6230010986328,151.73699951171875,0
2025-10-22 07:00:00+00:00,151.73800659179688,151.90899658203125,151.61500549316406,151.81300354003906,0
2025-10-22 11:00:00+00:00,151.81300354003906,152.0449981689453,151.71400451660156,151.8800048828125,0
2025-10-22 15:00:00+00:00,151.8800048828125,151.91000366210938,151.4969940185547,151.86900329589844,0
2025-10-22 19:00:00+00:00,151.87899780273438,152.01100158691406,151.81300354003906,151.89599609375,0
2025-10-22 23:00:00+00:00,151.8939971923828,152.50100708007812,151.8939971923828,152.45899963378906,0
2025-10-23 03:00:00+00:00,152.45599365234375,152.6479949951172,152.31100463867188,152.63600158691406,0
2025-10-23 07:00:00+00:00,152.63600158691406,152.77499389648438,152.37100219726562,152.75900268554688,0
2025-10-23 11:00:00+00:00,152.76499938964844,152.79200744628906,152.447998046875,152.60699462890625,0
2025-10-23 15:00:00+00:00,152.61099243164062,152.7969970703125,152.51499938964844,152.53199768066406,0
2025-10-23 19:00:00+00:00,152.53199768066406,152.60899353027344,152.48800659179688,152.58900451660156,0
2025-10-23 23:00:00+00:00,152.5800018310547,152.91400146484375,152.46499633789062,152.88299560546875,0
2025-10-24 03:00:00+00:00,152.88600158691406,153.06199645996094,152.70399475097656,152.9149932861328,0
2025-10-24 07:00:00+00:00,152.9029998779297,153.0189971923828,152.74600219726562,152.9739990234375,0
2025-10-24 11:00:00+00:00,152.97300720214844,153.0189971923828,152.2169952392578,152.76699829101562,0
2025-10-24 15:00:00+00:00,152.76400756835938,152.88999938964844,152.7010040283203,152.85800170898438,0
2025-10-24 19:00:00+00:00,152.85800170898438,152.89599609375,152.74400329589844,152.86300659179688,0
2025-10-27 00:00:00+00:00,153.06100463867188,153.1529998779297,152.64100646972656,153.03599548339844,0
2025-10-27 04:00:00+00:00,153.03599548339844,153.2550048828125,152.82699584960938,153.01400756835938,0
2025-10-27 08:00:00+00:00,153.00799560546875,153.07699584960938,152.58999633789062,152.63499450683594,0
2025-10-27 12:00:00+00:00,152.6320037841797,153.1959991455078,152.5590057373047,153.08399963378906,0
2025-10-27 16:00:00+00:00,153.0850067138672,153.093994140625,152.75399780273438,152.90699768066406,0
2025-10-27 20:00:00+00:00,152.8990020751953,152.91099548339844,152.62600708007812,152.70399475097656,0
2025-10-28 00:00:00+00:00,152.69200134277344,152.73599243164062,152.16000366210938,152.27699279785156,0
2025-10-28 04:00:00+00:00,152.2689971923828,152.35299682617188,151.7530059814453,152.14199829101562,0
2025-10-28 08:00:00+00:00,152.13800048828125,152.16200256347656,151.82000732421875,152.02999877929688,0
2025-10-28 12:00:00+00:00,152.0290069580078,152.37100219726562,151.8459930419922,152.13600158691406,0
2025-10-28 16:00:00+00:00,152.13600158691406,152.30599975585938,151.9409942626953,152.0489959716797,0
2025-10-28 20:00:00+00:00,152.04800415039062,152.1929931640625,151.78199768066406,151.8280029296875,0
2025-10-29 00:00:00+00:00,151.73599243164062,152.14199829101562,151.52999877929688,152.052001953125,0
2025-10-29 04:00:00+00:00,152.0489959716797,152.54299926757812,151.95399475097656,152.0540008544922,0
2025-10-29 08:00:00+00:00,152.05999755859375,152.468994140625,152.04200744628906,152.24099731445312,0
2025-10-29 12:00:00+00:00,152.23899841308594,152.2969970703125,151.85899353027344,151.91200256347656,0
2025-10-29 16:00:00+00:00,151.90699768066406,153.05999755859375,151.89199829101562,152.81399536132812,0
2025-10-29 20:00:00+00:00,152.8159942626953,152.87600708007812,152.56500244140625,152.72500610351562,0
2025-10-30 00:00:00+00:00,152.718994140625,153.13800048828125,152.15499877929688,152.95799255371094,0
2025-10-30 04:00:00+00:00,152.95700073242188,153.54600524902344,152.5540008544922,153.4010009765625,0
2025-10-30 08:00:00+00:00,153.3979949951172,154.1739959716797,153.3979949951172,154.11500549316406,0
2025-10-30 12:00:00+00:00,154.11199951171875,154.44400024414062,154.03900146484375,154.1699981689453,0
2025-10-30 16:00:00+00:00,154.16799926757812,154.22900390625,154.01499938964844,154.07000732421875,0
2025-10-30 20:00:00+00:00,154.07699584960938,154.16400146484375,153.83099365234375,153.90499877929688,0
2025-10-31 00:00:00+00:00,153.89999389648438,154.0679931640625,153.64500427246094,154.03500366210938,0
2025-10-31 04:00:00+00:00,154.03199768066406,154.39500427246094,153.8260040283203,154.30499267578125,0
2025-10-31 08:00:00+00:00,154.3040008544922,154.41299438476562,154.0399932861328,154.08900451660156,0
2025-10-31 12:00:00+00:00,154.0989990234375,154.2519989013672,153.87899780273438,154.0399932861328,0
2025-10-31 16:00:00+00:00,154.03500366210938,154.17599487304688,153.96299743652344,154.10800170898438,0
2025-10-31 20:00:00+00:00,154.11000061035156,154.1199951171875,153.92799377441406,153.94000244140625,0
2025-11-03 00:00:00+00:00,154.19900512695312,154.21600341796875,154.02999877929688,154.06300354003906,0
2025-11-03 04:00:00+00:00,154.05999755859375,154.28399658203125,153.98399353027344,154.10499572753906,0
2025-11-03 08:00:00+00:00,154.10699462890625,154.20599365234375,154.0449981689453,154.14700317382812,0
2025-11-03 12:00:00+00:00,154.14700317382812,154.29600524902344,153.88400268554688,154.093994140625,0
2025-11-03 16:00:00+00:00,154.0970001220703,154.2519989013672,154.05499267578125,154.18499755859375,0
2025-11-03 20:00:00+00:00,154.19000244140625,154.25,154.1510009765625,154.1959991455078,0
2025-11-04 00:00:00+00:00,154.20399475097656,154.48199462890625,154.04800415039062,154.08299255371094,0
2025-11-04 04:00:00+00:00,154.07899475097656,154.1009979248047,153.32699584960938,153.5749969482422,0
2025-11-04 08:00:00+00:00,153.5780029296875,153.7550048828125,153.31199645996094,153.57000732421875,0
2025-11-04 12:00:00+00:00,153.56900024414062,153.625,153.31100463867188,153.37899780273438,0
2025-11-04 16:00:00+00:00,153.38099670410156,153.66099548339844,153.33399963378906,153.6269989013672,0
2025-11-04 20:00:00+00:00,153.6269989013672,153.6929931640625,153.50399780273438,153.5800018310547,0
2025-11-05 00:00:00+00:00,153.54400634765625,153.7469940185547,152.9550018310547,153.50599670410156,0
2025-11-05 04:00:00+00:00,153.50599670410156,153.74000549316406,153.38400268554688,153.5540008544922,0
2025-11-05 08:00:00+00:00,153.5590057373047,153.8419952392578,153.41200256347656,153.61000061035156,0
2025-11-05 12:00:00+00:00,153.61000061035156,154.31100463867188,153.5590057373047,154.3000030517578,0
2025-11-05 16:00:00+00:00,154.30099487304688,154.3560028076172,154.0019989013672,154.10899353027344,0
2025-11-05 20:00:00+00:00,154.10299682617188,154.14199829101562,153.97300720214844,154.0760040283203,0
2025-11-06 00:00:00+00:00,154.08200073242188,154.13999938964844,153.7899932861328,153.86500549316406,0
2025-11-06 04:00:00+00:00,153.86700439453125,154.02499389648438,153.7689971923828,153.86300659179688,0
2025-11-06 08:00:00+00:00,153.86199951171875,153.87100219726562,153.52699279785156,153.64500427246094,0
2025-11-06 12:00:00+00:00,153.63900756835938,153.74000549316406,153.03900146484375,153.04400634765625,0
2025-11-06 16:00:00+00:00,153.04400634765625,153.16799926757812,152.8260040283203,153.14300537109375,0
2025-11-06 20:00:00+00:00,153.13999938964844,153.1439971923828,152.81399536132812,152.96299743652344,0
2025-11-07 00:00:00+00:00,152.9499969482422,153.3070068359375,152.85299682617188,153.05599975585938,0
2025-11-07 04:00:00+00:00,153.0540008544922,153.53900146484375,153.00999450683594,153.38800048828125,0
2025-11-07 08:00:00+00:00,153.38699340820312,153.52200317382812,153.00599670410156,153.12899780273438,0
2025-11-07 12:00:00+00:00,153.12600708007812,153.47500610351562,153.00399780273438,153.13499450683594,0
2025-11-07 16:00:00+00:00,153.13400268554688,153.58299255371094,153.00900268554688,153.5570068359375,0
2025-11-07 20:00:00+00:00,153.552001953125,153.59500122070312,153.35499572753906,153.3780059814453,0
2025-11-10 00:00:00+00:00,153.82400512695312,154.0260009765625,153.4010009765625,153.9320068359375,0
2025-11-10 04:00:00+00:00,153.92999267578125,154.15199279785156,153.781005859375,154.0399932861328,0
2025-11-10 08:00:00+00:00,154.04200744628906,154.24899291992188,153.94400024414062,154.12399291992188,0
2025-11-10 12:00:00+00:00,154.1269989013672,154.16700744628906,153.97999572753906,154.0240020751953,0
2025-11-10 16:00:00+00:00,154.0260009765625,154.0749969482422,153.88499450683594,154.052001953125,0
2025-11-10 20:00:00+00:00,154.0489959716797,154.1699981689453,153.98800659179688,154.13800048828125,0
2025-11-11 00:00:00+00:00,154.14599609375,154.4949951171875,154.0970001220703,154.25999450683594,0
2025-11-11 04:00:00+00:00,154.25900268554688,154.3520050048828,154.08200073242188,154.18899536132812,0
2025-11-11 08:00:00+00:00,154.19000244140625,154.4409942626953,154.16299438476562,154.2530059814453,0
2025-11-11 12:00:00+00:00,154.24600219726562,154.26800537109375,153.66000366210938,153.9669952392578,0
2025-11-11 16:00:00+00:00,153.968994140625,154.14500427246094,153.94000244140625,154.11500549316406,0
2025-11-11 20:00:00+00:00,154.11500549316406,154.17599487304688,154.01300048828125,154.0800018310547,0
2025-11-12 00:00:00+00:00,154.0780029296875,154.41299438476562,154.04200744628906,154.3419952392578,0
2025-11-12 04:00:00+00:00,154.33999633789062,154.7899932861328,154.3350067138672,154.61500549316406,0
2025-11-12 08:00:00+00:00,154.61599731445312,154.90699768066406,154.61199951171875,154.802001953125,0
2025-11-12 12:00:00+00:00,154.80099487304688,155.04600524902344,154.6929931640625,154.73399353027344,0
2025-11-12 16:00:00+00:00,154.73699951171875,154.7740020751953,154.49099731445312,154.71200561523438,0
2025-11-12 20:00:00+00:00,154.71400451660156,154.86900329589844,154.68299865722656,154.71299743652344,0
2025-11-13 00:00:00+00:00,154.7010040283203,155.01499938964844,154.61599731445312,154.72900390625,0
2025-11-13 04:00:00+00:00,154.72900390625,155.00599670410156,154.63699340820312,154.7100067138672,0
2025-11-13 08:00:00+00:00,154.7100067138672,154.7740020751953,154.32000732421875,154.73599243164062,0
2025-11-13 12:00:00+00:00,154.73500061035156,154.7550048828125,154.1219940185547,154.19400024414062,0
2025-11-13 16:00:00+00:00,154.1929931640625,154.48599243164062,154.1540069580078,154.46499633789062,0
2025-11-13 20:00:00+00:00,154.46800231933594,154.68600463867188,154.41700744628906,154.63499450683594,0
2025-11-14 00:00:00+00:00,154.6300048828125,154.7449951171875,154.3040008544922,154.53700256347656,0
2025-11-14 04:00:00+00:00,154.53599548339844,154.6820068359375,154.36099243164062,154.6739959716797,0
2025-11-14 08:00:00+00:00,154.67599487304688,154.76300048828125,154.4499969482422,154.65199279785156,0
2025-11-14 12:00:00+00:00,154.6510009765625,154.66299438476562,153.61099243164062,154.4219970703125,0
2025-11-14 16:00:00+00:00,154.4219970703125,154.7429962158203,154.3459930419922,154.5540008544922,0
2025-11-14 20:00:00+00:00,154.5570068359375,154.59800720214844,154.45899963378906,154.4929962158203,0
2025-11-17 00:00:00+00:00,154.5919952392578,154.78599548339844,154.41000366210938,154.70700073242188,0
2025-11-17 04:00:00+00:00,154.70700073242188,154.81300354003906,154.58399963378906,154.68800354003906,0
2025-11-17 08:00:00+00:00,154.69200134277344,154.87100219726562,154.6199951171875,154.78900146484375,0
2025-11-17 12:00:00+00:00,154.78900146484375,155.3040008544922,154.73199462890625,155.19400024414062,0
2025-11-17 16:00:00+00:00,155.1929931640625,155.25100708007812,155.052001953125,155.24099731445312,0
2025-11-17 20:00:00+00:00,155.24200439453125,155.28700256347656,155.14100646972656,155.26600646972656,0
2025-11-18 00:00:00+00:00,155.2729949951172,155.37899780273438,155.1060028076172,155.1699981689453,0
2025-11-18 04:00:00+00:00,155.1699981689453,155.2169952392578,154.8090057373047,154.99000549316406,0
2025-11-18 08:00:00+00:00,154.99000549316406,155.4409942626953,154.90499877929688,155.42100524902344,0
2025-11-18 12:00:00+00:00,155.42300415039062,155.43800354003906,155.0469970703125,155.2729949951172,0
2025-11-18 16:00:00+00:00,155.2740020751953,155.73399353027344,155.2530059814453,155.52000427246094,0
2025-11-18 20:00:00+00:00,155.52099609375,155.5919952392578,155.39599609375,155.5399932861328,0
2025-11-19 00:00:00+00:00,155.5240020751953,155.57899475097656,155.20599365234375,155.28599548339844,0
2025-11-19 04:00:00+00:00,155.28599548339844,155.52999877929688,155.2550048828125,155.51600646972656,0
2025-11-19 08:00:00+00:00,155.51100158691406,156.30099487304688,155.4739990234375,156.1009979248047,0
2025-11-19 12:00:00+00:00,156.1009979248047,156.718994140625,156.03399658203125,156.50100708007812,0
2025-11-19 16:00:00+00:00,156.49899291992188,157.0399932861328,156.45799255371094,157.02499389648438,0
2025-11-19 20:00:00+00:00,157.02099609375,157.18499755859375,156.93299865722656,156.97900390625,0
2025-11-20 00:00:00+00:00,156.99000549316406,157.47799682617188,156.8730010986328,157.41799926757812,0
2025-11-20 04:00:00+00:00,157.41099548339844,157.78199768066406,157.25599670410156,157.4550018310547,0
2025-11-20 08:00:00+00:00,157.4499969482422,157.5449981689453,157.10400390625,157.50900268554688,0
2025-11-20 12:00:00+00:00,157.50399780273438,157.89199829101562,157.21099853515625,157.6739959716797,0
2025-11-20 16:00:00+00:00,157.6739959716797,157.69700622558594,157.2570037841797,157.53399658203125,0
2025-11-20 20:00:00+00:00,157.53500366210938,157.6490020751953,157.1840057373047,157.3820037841797,0
2025-11-21 00:00:00+00:00,157.3800048828125,157.54100036621094,157.20199584960938,157.30299377441406,0
2025-11-21 04:00:00+00:00,157.29400634765625,157.3090057373047,156.60699462890625,156.73599243164062,0
2025-11-21 08:00:00+00:00,156.73300170898438,156.9530029296875,156.55099487304688,156.8470001220703,0
2025-11-21 12:00:00+00:00,156.8470001220703,156.97000122070312,156.19200134277344,156.531005859375,0
2025-11-21 16:00:00+00:00,156.5330047607422,156.75900268554688,156.2570037841797,156.32400512695312,0
2025-11-21 20:00:00+00:00,156.3249969482422,156.50399780273438,156.2949981689453,156.3780059814453,0
2025-11-24 00:00:00+00:00,156.67799377441406,156.8040008544922,156.58299255371094,156.64500427246094,0
2025-11-24 04:00:00+00:00,156.63499450683594,156.8939971923828,156.4949951171875,156.8350067138672,0
2025-11-24 08:00:00+00:00,156.84300231933594,156.93899536132812,156.64300537109375,156.83200073242188,0
2025-11-24 12:00:00+00:00,156.8300018310547,157.1929931640625,156.73300170898438,156.79100036621094,0
2025-11-24 16:00:00+00:00,156.79200744628906,156.98399353027344,156.7050018310547,156.73300170898438,0
2025-11-24 20:00:00+00:00,156.72999572753906,156.96099853515625,156.7259979248047,156.91799926757812,0
2025-11-25 00:00:00+00:00,156.9010009765625,156.98899841308594,156.54800415039062,156.7729949951172,0
2025-11-25 04:00:00+00:00,156.7689971923828,156.85499572753906,156.51800537109375,156.61900329589844,0
2025-11-25 08:00:00+00:00,156.61099243164062,156.70199584960938,156.13800048828125,156.43800354003906,0
2025-11-25 12:00:00+00:00,156.43600463867188,156.51400756835938,155.88800048828125,156.1479949951172,0
2025-11-25 16:00:00+00:00,156.1479949951172,156.33399963378906,155.7969970703125,155.82200622558594,0
2025-11-25 20:00:00+00:00,155.82200622558594,156.23500061035156,155.81700134277344,156.18600463867188,0
2025-11-26 00:00:00+00:00,156.19200134277344,156.3730010986328,155.64500427246094,155.875,0
2025-11-26 04:00:00+00:00,155.875,156.46200561523438,155.87100219726562,156.3780059814453,0
2025-11-26 08:00:00+00:00,156.38699340820312,156.57899475097656,156.31199645996094,156.47300720214844,0
2025-11-26 12:00:00+00:00,156.47000122070312,156.74099731445312,156.3260040283203,156.41299438476562,0
2025-11-26 16:00:00+00:00,156.41099548339844,156.51600646972656,156.28399658203125,156.4550018310547,0
2025-11-26 20:00:00+00:00,156.4499969482422,156.4949951171875,156.21299743652344,156.22300720214844,0
2025-11-27 00:00:00+00:00,156.21600341796875,156.24200439453125,155.71600341796875,156.07400512695312,0
2025-11-27 04:00:00+00:00,156.0760040283203,156.30499267578125,155.8090057373047,156.11599731445312,0
2025-11-27 08:00:00+00:00,156.10499572753906,156.40899658203125,156.0749969482422,156.31399536132812,0
2025-11-27 12:00:00+00:00,156.30499267578125,156.39199829101562,156.22999572753906,156.3000030517578,0
2025-11-27 16:00:00+00:00,156.30099487304688,156.3699951171875,156.2530059814453,156.33799743652344,0
2025-11-27 20:00:00+00:00,156.3249969482422,156.33999633789062,156.1929931640625,156.29400634765625,0
2025-11-28 00:00:00+00:00,156.28399658203125,156.58200073242188,156.08799743652344,156.25900268554688,0
2025-11-28 04:00:00+00:00,156.25999450683594,156.4429931640625,156.17100524902344,156.29299926757812,0
2025-11-28 08:00:00+00:00,156.2969970703125,156.38800048828125,156.14100646972656,156.18800354003906,0
2025-11-28 12:00:00+00:00,156.19900512695312,156.39300537109375,155.9759979248047,156.03399658203125,0
2025-11-28 16:00:00+00:00,156.02699279785156,156.26699829101562,155.98800659179688,156.1179962158203,0
2025-11-28 20:00:00+00:00,156.1179962158203,156.1820068359375,156.05799865722656,156.13699340820312,0
2025-12-01 00:00:00+00:00,155.9010009765625,155.99200439453125,155.40699768066406,155.4550018310547,0
2025-12-01 04:00:00+00:00,155.4550018310547,155.69200134277344,155.2989959716797,155.36099243164062,0
2025-12-01 08:00:00+00:00,155.36099243164062,155.56199645996094,155.093994140625,155.09800720214844,0
2025-12-01 12:00:00+00:00,155.09800720214844,155.19700622558594,154.65899658203125,155.0970001220703,0
2025-12-01 16:00:00+00:00,155.09100341796875,155.52200317382812,155.09100341796875,155.47900390625,0
2025-12-01 20:00:00+00:00,155.47500610351562,155.57200622558594,155.39199829101562,155.54800415039062,0
2025-12-02 00:00:00+00:00,155.55599975585938,155.77499389648438,155.4550018310547,155.625,0
2025-12-02 04:00:00+00:00,155.625,155.83599853515625,155.5449981689453,155.76100158691406,0
2025-12-02 08:00:00+00:00,155.76100158691406,156.0970001220703,155.76100158691406,155.9250030517578,0
2025-12-02 12:00:00+00:00,155.91799926757812,156.18899536132812,155.81300354003906,155.8820037841797,0
2025-12-02 16:00:00+00:00,155.8679962158203,156.0970001220703,155.7480010986328,155.89300537109375,0
2025-12-02 20:00:00+00:00,155.89100646972656,155.91600036621094,155.76699829101562,155.79800415039062,0
2025-12-03 00:00:00+00:00,155.7570037841797,155.81199645996094,155.60000610351562,155.6540069580078,0
2025-12-03 04:00:00+00:00,155.6479949951172,155.7519989013672,155.50399780273438,155.68499755859375,0
2025-12-03 08:00:00+00:00,155.6790008544922,155.7570037841797,155.40699768066406,155.41799926757812,0
2025-12-03 12:00:00+00:00,155.41000366210938,155.59800720214844,155.1929931640625,155.21099853515625,0
2025-12-03 16:00:00+00:00,155.21200561523438,155.2480010986328,155.0050048828125,155.1439971923828,0
2025-12-03 20:00:00+00:00,155.1439971923828,155.31700134277344,155.07899475097656,155.11099243164062,0
2025-12-04 00:00:00+00:00,155.1060028076172,155.54200744628906,155.01499938964844,155.38400268554688,0
2025-12-04 04:00:00+00:00,155.38499450683594,155.5030059814453,155.1790008544922,155.23500061035156,0
2025-12-04 08:00:00+00:00,155.23500061035156,155.25,154.52000427246094,154.5290069580078,0
2025-12-04 12:00:00+00:00,154.5240020751953,155.0590057373047,154.5019989013672,154.63099670410156,0
2025-12-04 16:00:00+00:00,154.63400268554688,155.04299926757812,154.6280059814453,155.01499938964844,0
2025-12-04 20:00:00+00:00,155.01300048828125,155.16200256347656,154.97000122070312,155.14300537109375,0
2025-12-05 00:00:00+00:00,155.125,155.23199462890625,154.91200256347656,155.11500549316406,0
2025-12-05 04:00:00+00:00,155.11500549316406,155.125,154.33799743652344,154.62399291992188,0
2025-12-05 08:00:00+00:00,154.625,155.2239990234375,154.6009979248047,155.13999938964844,0
2025-12-05 12:00:00+00:00,155.1439971923828,155.35499572753906,155.0760040283203,155.25399780273438,0
2025-12-05 16:00:00+00:00,155.2469940185547,155.49400329589844,155.20199584960938,155.28599548339844,0
2025-12-05 20:00:00+00:00,155.28599548339844,155.375,155.26400756835938,155.2989959716797,0
2025-12-08 00:00:00+00:00,155.31300354003906,155.3249969482422,154.8939971923828,155.0959930419922,0
2025-12-08 04:00:00+00:00,155.10000610351562,155.35400390625,155.05099487304688,155.34800720214844,0
2025-12-08 08:00:00+00:00,155.3459930419922,155.58999633789062,155.25599670410156,155.5800018310547,0
2025-12-08 12:00:00+00:00,155.5800018310547,155.98699951171875,155.38600158691406,155.85899353027344,0
2025-12-08 16:00:00+00:00,155.85299682617188,155.95799255371094,155.697998046875,155.90499877929688,0
2025-12-08 20:00:00+00:00,155.90899658203125,155.97900390625,155.81399536132812,155.8489990234375,0
2025-12-09 00:00:00+00:00,155.84100341796875,156.03700256347656,155.73599243164062,155.8179931640625,0
2025-12-09 04:00:00+00:00,155.8249969482422,156.197998046875,155.8040008544922,156.1909942626953,0
2025-12-09 08:00:00+00:00,156.1909942626953,156.43299865722656,155.9709930419922,156.18099975585938,0
2025-12-09 12:00:00+00:00,156.18600463867188,156.9149932861328,156.17999267578125,156.86900329589844,0
2025-12-09 16:00:00+00:00,156.86199951171875,156.9550018310547,156.802001953125,156.82699584960938,0
2025-12-09 20:00:00+00:00,156.82699584960938,156.9429931640625,156.75,156.8350067138672,0
2025-12-10 00:00:00+00:00,156.7989959716797,156.93899536132812,156.55299377441406,156.58399963378906,0
2025-12-10 04:00:00+00:00,156.58399963378906,156.76499938964844,156.5749969482422,156.64500427246094,0
2025-12-10 08:00:00+00:00,156.64500427246094,156.88999938964844,156.57200622558594,156.70399475097656,0
2025-12-10 12:00:00+00:00,156.70399475097656,156.75799560546875,156.34800720214844,156.47300720214844,0
2025-12-10 16:00:00+00:00,156.47300720214844,156.67799377441406,156.09500122070312,156.25799560546875,0
2025-12-10 20:00:00+00:00,156.2570037841797,156.31100463867188,155.6219940185547,155.75900268554688,0
2025-12-11 00:00:00+00:00,155.74899291992188,155.88600158691406,155.48300170898438,155.68899536132812,0
2025-12-11 04:00:00+00:00,155.68899536132812,156.1649932861328,155.61099243164062,156.02699279785156,0
2025-12-11 08:00:00+00:00,156.0240020751953,156.07000732421875,155.7519989013672,155.75900268554688,0
2025-12-11 12:00:00+00:00,155.75999450683594,155.82000732421875,154.94000244140625,155.16400146484375,0
2025-12-11 16:00:00+00:00,155.1699981689453,155.59800720214844,155.06500244140625,155.58900451660156,0
2025-12-11 20:00:00+00:00,155.58900451660156,155.67300415039062,155.44000244140625,155.52200317382812,0
2025-12-12 00:00:00+00:00,155.4980010986328,155.77000427246094,155.4510040283203,155.71299743652344,0
2025-12-12 04:00:00+00:00,155.70399475097656,155.82699584960938,155.53599548339844,155.6439971923828,0
2025-12-12 08:00:00+00:00,155.64300537109375,155.9929962158203,155.6179962158203,155.9080047607422,0
2025-12-12 12:00:00+00:00,155.9080047607422,156.12899780273438,155.76600646972656,155.87899780273438,0
2025-12-12 16:00:00+00:00,155.87899780273438,155.93899536132812,155.6719970703125,155.89500427246094,0
2025-12-12 20:00:00+00:00,155.9010009765625,155.9080047607422,155.74600219726562,155.74600219726562,0
2025-12-15 00:00:00+00:00,155.85899353027344,155.98599243164062,155.2969970703125,155.41299438476562,0
2025-12-15 04:00:00+00:00,155.41900634765625,155.4239959716797,154.94200134277344,155.25799560546875,0
2025-12-15 08:00:00+00:00,155.25999450683594,155.28700256347656,154.8470001220703,154.91799926757812,0
2025-12-15 12:00:00+00:00,154.91700744628906,155.2270050048828,154.8300018310547,155.14999389648438,0
2025-12-15 16:00:00+00:00,155.15699768066406,155.3990020751953,155.14199829101562,155.23899841308594,0
2025-12-15 20:00:00+00:00,155.23800659179688,155.29100036621094,154.97300720214844,155.0050048828125,0
2025-12-16 00:00:00+00:00,155.03399658203125,155.125,154.6959991455078,154.88499450683594,0
2025-12-16 04:00:00+00:00,154.88499450683594,154.9810028076172,154.67599487304688,154.88400268554688,0
2025-12-16 08:00:00+00:00,154.87899780273438,154.9429931640625,154.76499938964844,154.81399536132812,0
2025-12-16 12:00:00+00:00,154.81500244140625,154.99899291992188,154.38600158691406,154.7729949951172,0
2025-12-16 16:00:00+00:00,154.77000427246094,154.93099975585938,154.56199645996094,154.66600036621094,0
2025-12-16 20:00:00+00:00,154.66600036621094,154.8350067138672,154.56300354003906,154.78199768066406,0
2025-12-17 00:00:00+00:00,154.77099609375,155.0290069580078,154.50799560546875,154.88499450683594,0
2025-12-17 04:00:00+00:00,154.88600158691406,155.56900024414062,154.86700439453125,155.49899291992188,0
2025-12-17 08:00:00+00:00,155.50100708007812,155.60000610351562,155.4219970703125,155.54200744628906,0
2025-12-17 12:00:00+00:00,155.5449981689453,155.63800048828125,155.3459930419922,155.39700317382812,0
2025-12-17 16:00:00+00:00,155.3979949951172,155.69000244140625,155.3780059814453,155.63900756835938,0
2025-12-17 20:00:00+00:00,155.63900756835938,155.74899291992188,155.47000122070312,155.49400329589844,0
2025-12-18 00:00:00+00:00,155.48899841308594,155.80799865722656,155.41700744628906,155.75799560546875,0
2025-12-18 04:00:00+00:00,155.7550048828125,155.95399475097656,155.6929931640625,155.9250030517578,0
2025-12-18 08:00:00+00:00,155.91900634765625,155.9770050048828,155.71499633789062,155.78500366210938,0
2025-12-18 12:00:00+00:00,155.79100036621094,155.86599731445312,155.27699279785156,155.52499389648438,0
2025-12-18 16:00:00+00:00,155.5229949951172,155.7100067138672,155.3560028076172,155.51199340820312,0
2025-12-18 20:00:00+00:00,155.51499938964844,155.64199829101562,155.44900512695312,155.58700561523438,0
2025-12-19 00:00:00+00:00,155.5760040283203,156.17100524902344,155.55099487304688,155.8780059814453,0
2025-12-19 04:00:00+00:00,155.8730010986328,156.74200439453125,155.72500610351562,156.73199462890625,0
2025-12-19 08:00:00+00:00,156.7259979248047,157.39999389648438,156.71499633789062,157.31199645996094,0
2025-12-19 12:00:00+00:00,157.3179931640625,157.4980010986328,156.92300415039062,157.4720001220703,0
2025-12-19 16:00:00+00:00,157.4669952392578,157.67799377441406,157.39500427246094,157.5279998779297,0
2025-12-19 20:00:00+00:00,157.5240020751953,157.7779998779297,157.4720001220703,157.75,0
2025-12-22 00:00:00+00:00,157.60899353027344,157.66200256347656,157.2239990234375,157.32899475097656,0
2025-12-22 04:00:00+00:00,157.33200073242188,157.56399536132812,157.25,157.48899841308594,0
2025-12-22 08:00:00+00:00,157.48399353027344,157.57200622558594,157.32899475097656,157.41000366210938,0
2025-12-22 12:00:00+00:00,157.40499877929688,157.4320068359375,156.85000610351562,156.97000122070312,0
2025-12-22 16:00:00+00:00,156.968994140625,157.04600524902344,156.6999969482422,156.8979949951172,0
2025-12-22 20:00:00+00:00,156.89199829101562,157.06199645996094,156.81300354003906,156.87600708007812,0
2025-12-23 00:00:00+00:00,156.91700744628906,156.927001953125,156.1820068359375,156.1820068359375,0
2025-12-23 04:00:00+00:00,156.18899536132812,156.18899536132812,155.90499877929688,156.07000732421875,0
2025-12-23 08:00:00+00:00,156.06900024414062,156.11700439453125,155.64100646972656,155.96400451660156,0
2025-12-23 12:00:00+00:00,155.9720001220703,156.54600524902344,155.86399841308594,156.38999938964844,0
2025-12-23 16:00:00+00:00,156.38800048828125,156.43499755859375,156.17100524902344,156.19200134277344,0
2025-12-23 20:00:00+00:00,156.18600463867188,156.3159942626953,156.08200073242188,156.16700744628906,0
2025-12-24 00:00:00+00:00,156.1699981689453,156.2830047607422,155.55099487304688,155.9709930419922,0
2025-12-24 04:00:00+00:00,155.97500610351562,156.06199645996094,155.65499877929688,155.82200622558594,0
2025-12-24 08:00:00+00:00,155.8260040283203,155.9770050048828,155.6790008544922,155.9239959716797,0
2025-12-24 12:00:00+00:00,155.9219970703125,156.0709991455078,155.67100524902344,155.81300354003906,0
2025-12-24 16:00:00+00:00,155.80999755859375,156.0229949951172,155.74400329589844,155.86500549316406,0
2025-12-24 20:00:00+00:00,155.8300018310547,155.97300720214844,155.71800231933594,155.89700317382812,0
2025-12-25 00:00:00+00:00,155.85899353027344,155.9320068359375,155.66000366210938,155.697998046875,0
2025-12-25 04:00:00+00:00,155.72300720214844,156.07000732421875,155.57699584960938,156.0469970703125,0
2025-12-25 08:00:00+00:00,155.99899291992188,156.1199951171875,155.79100036621094,155.99899291992188,0
2025-12-25 16:00:00+00:00,155.7310028076172,155.7310028076172,155.5959930419922,155.5989990234375,0
2025-12-25 20:00:00+00:00,155.5989990234375,156.13099670410156,155.58900451660156,156.09300231933594,0
2025-12-26 00:00:00+00:00,156.1060028076172,156.48800659179688,156.03900146484375,156.05299377441406,0
2025-12-26 04:00:00+00:00,156.052001953125,156.44400024414062,155.97799682617188,156.36399841308594,0
2025-12-26 08:00:00+00:00,156.375,156.4720001220703,156.28900146484375,156.38999938964844,0
2025-12-26 12:00:00+00:00,156.3990020751953,156.53900146484375,156.218994140625,156.42300415039062,0
2025-12-26 16:00:00+00:00,156.4250030517578,156.72999572753906,156.35899353027344,156.4929962158203,0
2025-12-26 20:00:00+00:00,156.5,156.60400390625,156.43299865722656,156.55799865722656,0
2025-12-29 00:00:00+00:00,156.48399353027344,156.51100158691406,156.04400634765625,156.375,0
2025-12-29 04:00:00+00:00,156.3699951171875,156.47300720214844,156.04299926757812,156.0749969482422,0
2025-12-29 08:00:00+00:00,156.0800018310547,156.41400146484375,156.07000732421875,156.40199279785156,0
2025-12-29 12:00:00+00:00,156.4010009765625,156.42300415039062,155.91000366210938,155.93600463867188,0
2025-12-29 16:00:00+00:00,155.93600463867188,156.25,155.92300415039062,156.02999877929688,0
2025-12-29 20:00:00+00:00,156.0330047607422,156.13400268554688,155.947998046875,156.01199340820312,0
2025-12-30 00:00:00+00:00,155.99099731445312,156.33999633789062,155.9149932861328,156.26199340820312,0
2025-12-30 04:00:00+00:00,156.27099609375,156.28500366210938,155.91200256347656,155.9770050048828,0
2025-12-30 08:00:00+00:00,155.97500610351562,156.0240020751953,155.73599243164062,155.88499450683594,0
2025-12-30 12:00:00+00:00,155.89199829101562,156.5679931640625,155.87600708007812,156.32000732421875,0
2025-12-30 16:00:00+00:00,156.3260040283203,156.5229949951172,156.2169952392578,156.4929962158203,0
2025-12-30 20:00:00+00:00,156.49600219726562,156.5030059814453,156.30599975585938,156.40499877929688,0
2025-12-31 00:00:00+00:00,156.39100646972656,156.4980010986328,156.32200622558594,156.49000549316406,0
2025-12-31 04:00:00+00:00,156.48699951171875,156.65499877929688,156.48500061035156,156.55999755859375,0
2025-12-31 08:00:00+00:00,156.56700134277344,156.6790008544922,156.49400329589844,156.60299682617188,0
2025-12-31 12:00:00+00:00,156.60899353027344,156.99400329589844,156.54299926757812,156.7449951171875,0
2025-12-31 16:00:00+00:00,156.73899841308594,156.92300415039062,156.63800048828125,156.7449951171875,0
2025-12-31 20:00:00+00:00,156.74400329589844,156.7530059814453,156.57899475097656,156.65699768066406,0
2026-01-01 16:00:00+00:00,156.72999572753906,156.79800415039062,156.6909942626953,156.74899291992188,0
2026-01-01 20:00:00+00:00,156.75,156.88800048828125,156.5780029296875,156.74200439453125,0
2026-01-02 00:00:00+00:00,156.72000122070312,156.77099609375,156.50900268554688,156.71200561523438,0
2026-01-02 04:00:00+00:00,156.71400451660156,156.9969940185547,156.70700073242188,156.85400390625,0
2026-01-02 08:00:00+00:00,156.86099243164062,156.9980010986328,156.76400756835938,156.9149932861328,0
2026-01-02 12:00:00+00:00,156.91400146484375,157.00100708007812,156.55599975585938,156.58700561523438,0
2026-01-02 16:00:00+00:00,156.58900451660156,156.9550018310547,156.55599975585938,156.8520050048828,0
2026-01-02 20:00:00+00:00,156.85299682617188,156.91000366210938,156.78199768066406,156.8419952392578,0
2026-01-05 00:00:00+00:00,156.98800659179688,157.25,156.91200256347656,157.22999572753906,0
2026-01-05 04:00:00+00:00,157.2239990234375,157.29800415039062,156.96800231933594,156.98199462890625,0
2026-01-05 08:00:00+00:00,156.99099731445312,157.04100036621094,156.5229949951172,156.62100219726562,0
2026-01-05 12:00:00+00:00,156.6199951171875,156.97900390625,156.447998046875,156.5749969482422,0
2026-01-05 16:00:00+00:00,156.5749969482422,156.58799743652344,156.10899353027344,156.23300170898438,0
2026-01-05 20:00:00+00:00,156.23199462890625,156.64500427246094,156.17599487304688,156.63999938964844,0
2026-01-06 00:00:00+00:00,156.60800170898438,156.7969970703125,156.26400756835938,156.36000061035156,0
2026-01-06 04:00:00+00:00,156.3520050048828,156.47900390625,156.22500610351562,156.3350067138672,0
2026-01-06 08:00:00+00:00,156.32699584960938,156.53599548339844,156.156005859375,156.44500732421875,0
2026-01-06 12:00:00+00:00,156.44900512695312,156.69200134277344,156.28700256347656,156.5749969482422,0
2026-01-06 16:00:00+00:00,156.5760040283203,156.74899291992188,156.56500244140625,156.62899780273438,0
2026-01-06 20:00:00+00:00,156.625,156.7050018310547,156.56399536132812,156.6820068359375,0
2026-01-07 00:00:00+00:00,156.6649932861328,156.80599975585938,156.5019989013672,156.5590057373047,0
2026-01-07 04:00:00+00:00,156.55499267578125,156.58599853515625,156.28900146484375,156.47900390625,0
2026-01-07 08:00:00+00:00,156.48599243164062,156.58700561523438,156.4239959716797,156.51300048828125,0
2026-01-07 12:00:00+00:00,156.51499938964844,156.72500610351562,156.35699462890625,156.677001953125,0
2026-01-07 16:00:00+00:00,156.67999267578125,156.80099487304688,156.5679931640625,156.73399353027344,0
2026-01-07 20:00:00+00:00,156.74200439453125,156.80099487304688,156.60400390625,156.70899963378906,0
2026-01-08 00:00:00+00:00,156.69700622558594,156.95599365234375,156.6219940185547,156.71800231933594,0
2026-01-08 04:00:00+00:00,156.71499633789062,156.73199462890625,156.46200561523438,156.46200561523438,0
2026-01-08 08:00:00+00:00,156.46800231933594,156.7830047607422,156.4510040283203,156.76400756835938,0
2026-01-08 12:00:00+00:00,156.76100158691406,157.07200622558594,156.63900756835938,156.85899353027344,0
2026-01-08 16:00:00+00:00,156.86500549316406,156.98699951171875,156.76699829101562,156.96400451660156,0
2026-01-08 20:00:00+00:00,156.9600067138672,156.99400329589844,156.7259979248047,156.88099670410156,0
2026-01-09 00:00:00+00:00,156.86300659179688,157.25999450683594,156.86000061035156,157.22900390625,0
2026-01-09 04:00:00+00:00,157.22999572753906,157.57200622558594,157.18699645996094,157.47300720214844,0
2026-01-09 08:00:00+00:00,157.47999572753906,157.73800659179688,157.4510040283203,157.57899475097656,0
2026-01-09 12:00:00+00:00,157.572998046875,158.18699645996094,157.36500549316406,157.8699951171875,0
2026-01-09 16:00:00+00:00,157.86399841308594,158.1320037841797,157.822998046875,157.8780059814453,0
2026-01-09 20:00:00+00:00,157.88299560546875,157.95799255371094,157.8470001220703,157.91900634765625,0
2026-01-12 00:00:00+00:00,158.13699340820312,158.2050018310547,157.5070037841797,158.1199951171875,0
2026-01-12 04:00:00+00:00,158.12100219726562,158.18299865722656,157.7949981689453,157.83999633789062,0
2026-01-12 08:00:00+00:00,157.8459930419922,157.96200561523438,157.66799926757812,157.8939971923828,0
2026-01-12 12:00:00+00:00,157.89700317382812,158.0489959716797,157.6999969482422,157.968994140625,0
2026-01-12 16:00:00+00:00,157.9720001220703,158.17100524902344,157.94000244140625,158.13800048828125,0
2026-01-12 20:00:00+00:00,158.13400268554688,158.1999969482422,157.88400268554688,157.95799255371094,0
2026-01-13 00:00:00+00:00,157.9770050048828,158.8249969482422,157.95599365234375,158.81100463867188,0
2026-01-13 04:00:00+00:00,158.8070068359375,158.96400451660156,158.6230010986328,158.93800354003906,0
2026-01-13 08:00:00+00:00,158.94200134277344,159.0489959716797,158.79600524902344,158.8489990234375,0
2026-01-13 12:00:00+00:00,158.8560028076172,159.08799743652344,158.5679931640625,158.92599487304688,0
2026-01-13 16:00:00+00:00,158.9219970703125,159.1909942626953,158.89700317382812,159.11500549316406,0
2026-01-13 20:00:00+00:00,159.10800170898438,159.20199584960938,159.04100036621094,159.18800354003906,0
2026-01-14 00:00:00+00:00,159.19000244140625,159.4550018310547,159.07000732421875,159.1529998779297,0
2026-01-14 04:00:00+00:00,159.1529998779297,159.3509979248047,159.1020050048828,159.1739959716797,0
2026-01-14 08:00:00+00:00,159.17100524902344,159.19400024414062,158.56700134277344,158.71400451660156,0
2026-01-14 12:00:00+00:00,158.71299743652344,158.74200439453125,158.09800720214844,158.11900329589844,0
2026-01-14 16:00:00+00:00,158.12399291992188,158.51800537109375,158.0970001220703,158.49600219726562,0
2026-01-14 20:00:00+00:00,158.50399780273438,158.59800720214844,158.18499755859375,158.41099548339844,0
2026-01-15 00:00:00+00:00,158.42100524902344,158.64300537109375,158.2209930419922,158.5070037841797,0
2026-01-15 04:00:00+00:00,158.5070037841797,158.73199462890625,158.37399291992188,158.57899475097656,0
2026-01-15 08:00:00+00:00,158.572998046875,158.71299743652344,158.2969970703125,158.56500244140625,0
2026-01-15 12:00:00+00:00,158.5659942626953,158.87899780273438,158.468994140625,158.53799438476562,0
2026-01-15 16:00:00+00:00,158.5330047607422,158.56900024414062,158.4080047607422,158.52200317382812,0
2026-01-15 20:00:00+00:00,158.52699279785156,158.6739959716797,158.5070037841797,158.58599853515625,0
2026-01-16 00:00:00+00:00,158.58200073242188,158.70399475097656,157.95799255371094,158.1060028076172,0
2026-01-16 04:00:00+00:00,158.10800170898438,158.4499969482422,158.0919952392578,158.1719970703125,0
2026-01-16 08:00:00+00:00,158.1649932861328,158.2550048828125,158.00399780273438,158.0850067138672,0
2026-01-16 12:00:00+00:00,158.09300231933594,158.26600646972656,157.81500244140625,158.06199645996094,0
2026-01-16 16:00:00+00:00,158.06300354003906,158.24200439453125,157.9290008544922,158.11500549316406,0
2026-01-16 20:00:00+00:00,158.1199951171875,158.13900756835938,158.03199768066406,158.08299255371094,0
2026-01-19 00:00:00+00:00,157.54800415039062,157.9459991455078,157.4149932861328,157.8719940185547,0
2026-01-19 04:00:00+00:00,157.87899780273438,158.1230010986328,157.73699951171875,158.0780029296875,0
2026-01-19 08:00:00+00:00,158.0709991455078,158.16600036621094,157.81900024414062,158.0399932861328,0
2026-01-19 12:00:00+00:00,158.0399932861328,158.07899475097656,157.8560028076172,158.05999755859375,0
2026-01-19 16:00:00+00:00,158.05999755859375,158.13800048828125,157.99899291992188,158.08099365234375,0
2026-01-19 20:00:00+00:00,158.08200073242188,158.2270050048828,158.0229949951172,158.1790008544922,0
2026-01-20 00:00:00+00:00,158.15699768066406,158.28199768066406,157.8419952392578,157.9739990234375,0
2026-01-20 04:00:00+00:00,157.9720001220703,158.60400390625,157.88800048828125,158.3699951171875,0
2026-01-20 08:00:00+00:00,158.3719940185547,158.3939971923828,157.5500030517578,157.7480010986328,0
2026-01-20 12:00:00+00:00,157.74899291992188,158.11199951171875,157.4499969482422,157.9250030517578,0
2026-01-20 16:00:00+00:00,157.92300415039062,158.29800415039062,157.84800720214844,158.28399658203125,0
2026-01-20 20:00:00+00:00,158.28199768066406,158.2899932861328,158.02999877929688,158.16799926757812,0
2026-01-21 00:00:00+00:00,158.14599609375,158.28199768066406,157.85000610351562,158.08700561523438,0
2026-01-21 04:00:00+00:00,158.08799743652344,158.2570037841797,157.8679962158203,157.9199981689453,0
2026-01-21 08:00:00+00:00,157.9250030517578,158.08900451660156,157.81399536132812,157.91299438476562,0
2026-01-21 12:00:00+00:00,157.91200256347656,158.31100463867188,157.74000549316406,158.21600341796875,0
2026-01-21 16:00:00+00:00,158.2100067138672,158.53399658203125,158.03199768066406,158.37600708007812,0
2026-01-21 20:00:00+00:00,158.38600158691406,158.49899291992188,158.23199462890625,158.47000122070312,0
2026-01-22 00:00:00+00:00,158.4600067138672,158.58900451660156,158.17100524902344,158.5570068359375,0
2026-01-22 04:00:00+00:00,158.55499267578125,158.89300537109375,158.54600524902344,158.77499389648438,0
2026-01-22 08:00:00+00:00,158.7760009765625,158.85699462890625,158.52999877929688,158.59100341796875,0
2026-01-22 12:00:00+00:00,158.5850067138672,158.85800170898438,158.3459930419922,158.38999938964844,0
2026-01-22 16:00:00+00:00,158.39199829101562,158.50799560546875,158.22900390625,158.40899658203125,0
2026-01-22 20:00:00+00:00,158.3990020751953,158.53399658203125,158.3249969482422,158.4980010986328,0
2026-01-23 00:00:00+00:00,158.47799682617188,158.74200439453125,158.4290008544922,158.6320037841797,0
2026-01-23 04:00:00+00:00,158.63099670410156,159.2259979248047,157.27499389648438,158.3730010986328,0
2026-01-23 08:00:00+00:00,158.38499450683594,158.49200439453125,157.85800170898438,158.1280059814453,0
2026-01-23 12:00:00+00:00,158.1280059814453,158.33799743652344,158.08399963378906,158.10699462890625,0
2026-01-23 16:00:00+00:00,158.11300659179688,158.22500610351562,155.6739959716797,155.88099670410156,0
2026-01-23 20:00:00+00:00,155.88600158691406,155.96200561523438,155.60299682617188,155.718994140625,0
2026-01-26 00:00:00+00:00,155.14999389648438,155.34500122070312,153.8780059814453,154.2100067138672,0
2026-01-26 04:00:00+00:00,154.20700073242188,154.41799926757812,153.80099487304688,154.2469940185547,0
2026-01-26 08:00:00+00:00,154.24200439453125,154.34800720214844,153.29800415039062,153.73899841308594,0
2026-01-26 12:00:00+00:00,153.73899841308594,154.33799743652344,153.60899353027344,153.80599975585938,0
2026-01-26 16:00:00+00:00,153.81300354003906,154.27499389648438,153.70899963378906,154.03900146484375,0
2026-01-26 20:00:00+00:00,154.0399932861328,154.42799377441406,153.8520050048828,154.3719940185547,0
2026-01-27 00:00:00+00:00,154.38600158691406,154.468994140625,154.07699584960938,154.41700744628906,0
2026-01-27 04:00:00+00:00,154.41600036621094,154.76499938964844,154.36199951171875,154.7310028076172,0
2026-01-27 08:00:00+00:00,154.73300170898438,154.8780059814453,153.16000366210938,153.7270050048828,0
2026-01-27 12:00:00+00:00,153.72900390625,153.79299926757812,152.86599731445312,153.23599243164062,0
2026-01-27 16:00:00+00:00,153.2429962158203,153.26699829101562,152.56399536132812,152.7100067138672,0
2026-01-27 20:00:00+00:00,152.71400451660156,152.8419952392578,152.0850067138672,152.43299865722656,0
2026-01-28 00:00:00+00:00,152.49600219726562,153.0679931640625,152.42799377441406,152.72000122070312,0
2026-01-28 04:00:00+00:00,152.7209930419922,152.83700561523438,152.27099609375,152.6479949951172,0
2026-01-28 08:00:00+00:00,152.64199829101562,152.80599975585938,152.343994140625,152.60299682617188,0
2026-01-28 12:00:00+00:00,152.60499572753906,153.73599243164062,152.3820037841797,153.45899963378906,0
2026-01-28 16:00:00+00:00,153.46400451660156,154.0469970703125,153.41099548339844,153.48899841308594,0
2026-01-28 20:00:00+00:00,153.49000549316406,153.5760040283203,153.0229949951172,153.1060028076172,0
2026-01-29 00:00:00+00:00,153.08299255371094,153.39199829101562,152.75799560546875,152.9199981689453,0
2026-01-29 04:00:00+00:00,152.9199981689453,153.4219970703125,152.89500427246094,153.30799865722656,0
2026-01-29 08:00:00+00:00,153.31500244140625,153.53700256347656,153.13299560546875,153.46200561523438,0
2026-01-29 12:00:00+00:00,153.45799255371094,153.51400756835938,152.67300415039062,152.80599975585938,0
2026-01-29 16:00:00+00:00,152.80299377441406,153.1699981689453,152.71400451660156,153.07000732421875,0
2026-01-29 20:00:00+00:00,153.0760040283203,153.21299743652344,152.8560028076172,153.17300415039062,0
2026-01-30 00:00:00+00:00,153.1320037841797,153.97900390625,153.0709991455078,153.94500732421875,0
2026-01-30 04:00:00+00:00,153.9499969482422,154.13900756835938,153.70700073242188,153.8000030517578,0
2026-01-30 08:00:00+00:00,153.7949981689453,154.38800048828125,153.69900512695312,153.85699462890625,0
2026-01-30 12:00:00+00:00,153.85000610351562,154.76100158691406,153.78799438476562,154.7469940185547,0
2026-02-02 20:00:00+00:00,155.62600708007812,155.64100646972656,155.40699768066406,155.47500610351562,0
2026-02-03 00:00:00+00:00,155.46200561523438,155.6179962158203,155.37100219726562,155.46600341796875,0
2026-02-03 04:00:00+00:00,155.47300720214844,155.5260009765625,155.2949981689453,155.4029998779297,0
2026-02-03 08:00:00+00:00,155.39999389648438,155.98399353027344,155.35800170898438,155.9510040283203,0
2026-02-03 12:00:00+00:00,155.9429931640625,156.08299255371094,155.69700622558594,155.70700073242188,0
2026-02-03 16:00:00+00:00,155.70700073242188,155.8040008544922,155.51800537109375,155.76800537109375,0
2026-02-03 20:00:00+00:00,155.77000427246094,155.8560028076172,155.677001953125,155.7949981689453,0
2026-02-04 00:00:00+00:00,155.79299926757812,156.39199829101562,155.79299926757812,156.31399536132812,0
2026-02-04 04:00:00+00:00,156.30999755859375,156.4669952392578,156.2259979248047,156.41799926757812,0
2026-02-04 08:00:00+00:00,156.4239959716797,156.85400390625,156.38600158691406,156.8179931640625,0
2026-02-04 12:00:00+00:00,156.8159942626953,156.82400512695312,156.33999633789062,156.64700317382812,0
2026-02-04 16:00:00+00:00,156.65199279785156,156.89300537109375,156.45399475097656,156.81900024414062,0
2026-02-04 20:00:00+00:00,156.81900024414062,156.94700622558594,156.6699981689453,156.89500427246094,0
2026-02-05 00:00:00+00:00,156.906005859375,156.98599243164062,156.67599487304688,156.79600524902344,0
2026-02-05 04:00:00+00:00,156.78599548339844,157.19900512695312,156.78599548339844,157.09100341796875,0
2026-02-05 08:00:00+00:00,157.0959930419922,157.33700561523438,156.9929962158203,157.13900756835938,0
2026-02-05 12:00:00+00:00,157.13999938964844,157.28799438476562,156.5240020751953,156.8350067138672,0
2026-02-05 16:00:00+00:00,156.82000732421875,157.02099609375,156.75799560546875,156.8979949951172,0
2026-02-05 20:00:00+00:00,156.8979949951172,157.09500122070312,156.7050018310547,156.79400634765625,0
2026-02-06 00:00:00+00:00,156.80099487304688,156.8350067138672,156.50399780273438,156.72900390625,0
2026-02-06 04:00:00+00:00,156.73399353027344,156.9040069580078,156.58299255371094,156.85800170898438,0
2026-02-06 08:00:00+00:00,156.88099670410156,157.156005859375,156.78700256347656,157.03700256347656,0
2026-02-06 12:00:00+00:00,157.0399932861328,157.1320037841797,156.77200317382812,156.8280029296875,0
2026-02-06 16:00:00+00:00,156.8280029296875,157.13699340820312,156.8280029296875,157.09500122070312,0
2026-02-06 20:00:00+00:00,157.10299682617188,157.27099609375,157.06700134277344,157.1840057373047,0
2026-02-09 00:00:00+00:00,157.2469940185547,157.29200744628906,156.20399475097656,156.85899353027344,0
2026-02-09 04:00:00+00:00,156.86900329589844,156.88499450683594,156.27999877929688,156.5919952392578,0
2026-02-09 08:00:00+00:00,156.58799743652344,156.78199768066406,156.38999938964844,156.45799255371094,0
2026-02-09 12:00:00+00:00,156.46099853515625,156.5570068359375,155.51400756835938,155.8459930419922,0
2026-02-09 16:00:00+00:00,155.8459930419922,156.1439971923828,155.63400268554688,155.70899963378906,0
2026-02-09 20:00:00+00:00,155.71499633789062,156.1479949951172,155.70199584960938,156.125,0
2026-02-10 00:00:00+00:00,156.12600708007812,156.29400634765625,155.14199829101562,155.31900024414062,0
2026-02-10 04:00:00+00:00,155.33099365234375,155.61099243164062,155.07899475097656,155.5540008544922,0
2026-02-10 08:00:00+00:00,155.56100463867188,155.63299560546875,155.0399932861328,155.27099609375,0
2026-02-10 12:00:00+00:00,155.26199340820312,155.30599975585938,154.06100463867188,154.21099853515625,0
2026-02-10 16:00:00+00:00,154.20799255371094,154.58700561523438,154.0469970703125,154.30999755859375,0
2026-02-10 20:00:00+00:00,154.31100463867188,154.50799560546875,154.23800659179688,154.48500061035156,0
2026-02-11 00:00:00+00:00,154.4969940185547,154.51699829101562,153.5399932861328,153.552001953125,0
2026-02-11 04:00:00+00:00,153.55499267578125,153.58299255371094,152.79200744628906,153.10299682617188,0
2026-02-11 08:00:00+00:00,153.0989990234375,153.5229949951172,153.01600646972656,153.48699951171875,0
2026-02-11 12:00:00+00:00,153.48599243164062,154.6540069580078,152.82200622558594,153.61300659179688,0
2026-02-11 16:00:00+00:00,153.61300659179688,153.68499755859375,152.54299926757812,152.93600463867188,0
2026-02-11 20:00:00+00:00,152.93600463867188,153.31199645996094,152.91299438476562,153.2689971923828,0
2026-02-12 00:00:00+00:00,153.25799560546875,153.447998046875,152.25900268554688,152.55499267578125,0
2026-02-12 04:00:00+00:00,152.552001953125,153.5489959716797,152.42100524902344,153.03500366210938,0
2026-02-12 08:00:00+00:00,153.0330047607422,153.33299255371094,152.79299926757812,153.31199645996094,0
2026-02-12 12:00:00+00:00,153.3070068359375,153.75799560546875,152.6179962158203,152.64500427246094,0
2026-02-12 16:00:00+00:00,152.63900756835938,152.99000549316406,152.35899353027344,152.89700317382812,0
2026-02-12 20:00:00+00:00,152.89700317382812,152.927001953125,152.6269989013672,152.7729949951172,0
2026-02-13 00:00:00+00:00,152.79400634765625,153.3470001220703,152.72300720214844,152.95199584960938,0
2026-02-13 04:00:00+00:00,152.9409942626953,153.5959930419922,152.83700561523438,153.39599609375,0
2026-02-13 08:00:00+00:00,153.38999938964844,153.66700744628906,153.2239990234375,153.3509979248047,0
2026-02-13 12:00:00+00:00,153.35899353027344,153.39700317382812,152.77699279785156,153.13099670410156,0
2026-02-13 16:00:00+00:00,153.1280059814453,153.2259979248047,152.5850067138672,152.77999877929688,0
2026-02-13 20:00:00+00:00,152.77000427246094,152.83900451660156,152.61300659179688,152.62100219726562,0
2026-02-16 00:00:00+00:00,152.8000030517578,153.16400146484375,152.7550048828125,153.0590057373047,0
2026-02-16 04:00:00+00:00,153.0659942626953,153.38900756835938,152.97799682617188,153.33700561523438,0
2026-02-16 08:00:00+00:00,153.3350067138672,153.63699340820312,153.20700073242188,153.36300659179688,0
2026-02-16 12:00:00+00:00,153.37100219726562,153.4810028076172,153.24400329589844,153.46099853515625,0
2026-02-16 16:00:00+00:00,153.45700073242188,153.57200622558594,153.39700317382812,153.4770050048828,0
2026-02-16 20:00:00+00:00,153.4770050048828,153.7570037841797,153.36199951171875,153.55099487304688,0
2026-02-17 00:00:00+00:00,153.55099487304688,153.5850067138672,153.01499938964844,153.1699981689453,0
2026-02-17 04:00:00+00:00,153.177001953125,153.22300720214844,152.82000732421875,153.0760040283203,0
2026-02-17 08:00:00+00:00,153.0780029296875,153.1820068359375,152.6909942626953,153.1280059814453,0
2026-02-17 12:00:00+00:00,153.1230010986328,153.9239959716797,153.01300048828125,153.7989959716797,0
2026-02-17 16:00:00+00:00,153.7969970703125,153.8470001220703,153.22000122070312,153.25100708007812,0
2026-02-17 20:00:00+00:00,153.2469940185547,153.34300231933594,153.0959930419922,153.12899780273438,0
2026-02-18 00:00:00+00:00,153.1199951171875,153.70199584960938,153.05999755859375,153.59800720214844,0
2026-02-18 04:00:00+00:00,153.593994140625,153.71499633789062,153.38400268554688,153.67100524902344,0
2026-02-18 08:00:00+00:00,153.6649932861328,153.85699462890625,153.56700134277344,153.71200561523438,0
2026-02-18 12:00:00+00:00,153.69700622558594,154.4429931640625,153.5449981689453,154.2790069580078,0
2026-02-18 16:00:00+00:00,154.2830047607422,154.8699951171875,154.22500610351562,154.71499633789062,0
2026-02-18 20:00:00+00:00,154.71600341796875,154.85299682617188,154.68499755859375,154.69400024414062,0
2026-02-19 00:00:00+00:00,154.68299865722656,155.26199340820312,154.60699462890625,155.13299560546875,0
2026-02-19 04:00:00+00:00,155.13400268554688,155.343994140625,154.9250030517578,154.968994140625,0
2026-02-19 08:00:00+00:00,154.97000122070312,155.02699279785156,154.56700134277344,154.6230010986328,0
2026-02-19 12:00:00+00:00,154.62600708007812,155.28399658203125,154.53199768066406,154.99000549316406,0
2026-02-19 16:00:00+00:00,154.99099731445312,155.1300048828125,154.822998046875,155.0800018310547,0
2026-02-19 20:00:00+00:00,155.07899475097656,155.21099853515625,154.8470001220703,155.16000366210938,0
2026-02-20 00:00:00+00:00,155.1929931640625,155.3159942626953,154.88499450683594,155.13499450683594,0
2026-02-20 04:00:00+00:00,155.13900756835938,155.5050048828125,154.93899536132812,155.4949951171875,0
2026-02-20 08:00:00+00:00,155.48699951171875,155.64300537109375,155.1179962158203,155.2169952392578,0
2026-02-20 12:00:00+00:00,155.218994140625,155.53700256347656,154.76100158691406,154.8419952392578,0
2026-02-20 16:00:00+00:00,154.8509979248047,155.20599365234375,154.70599365234375,155.12899780273438,0
2026-02-20 20:00:00+00:00,155.1219940185547,155.1649932861328,154.93899536132812,154.98899841308594,0
2026-02-23 00:00:00+00:00,154.33999633789062,154.47300720214844,153.98800659179688,154.26100158691406,0
2026-02-23 04:00:00+00:00,154.25999450683594,154.60899353027344,154.21499633789062,154.4739990234375,0
2026-02-23 08:00:00+00:00,154.4770050048828,154.94700622558594,154.447998046875,154.92300415039062,0
2026-02-23 12:00:00+00:00,154.9149932861328,155.04400634765625,154.3459930419922,154.41700744628906,0
2026-02-23 16:00:00+00:00,154.4219970703125,154.66700744628906,154.21400451660156,154.6179962158203,0
2026-02-23 20:00:00+00:00,154.61099243164062,154.76600646972656,154.51400756835938,154.67100524902344,0
2026-02-24 00:00:00+00:00,154.66200256347656,155.13699340820312,154.61500549316406,155.11700439453125,0
2026-02-24 04:00:00+00:00,155.11599731445312,156.16799926757812,154.93600463867188,156.08799743652344,0
2026-02-24 08:00:00+00:00,156.10000610351562,156.281005859375,155.67100524902344,155.87899780273438,0
2026-02-24 12:00:00+00:00,155.87100219726562,156.1739959716797,155.76300048828125,155.90499877929688,0
2026-02-24 16:00:00+00:00,155.9080047607422,155.93299865722656,155.5760040283203,155.77499389648438,0
2026-02-24 20:00:00+00:00,155.77499389648438,155.92599487304688,155.73300170898438,155.8979949951172,0
2026-02-25 00:00:00+00:00,155.90899658203125,156.04400634765625,155.33299255371094,155.81100463867188,0
2026-02-25 04:00:00+00:00,155.81199645996094,156.04299926757812,155.5189971923828,155.91299438476562,0
2026-02-25 08:00:00+00:00,155.92100524902344,156.82400512695312,155.9029998779297,156.78900146484375,0
2026-02-25 12:00:00+00:00,156.78900146484375,156.8000030517578,156.3260040283203,156.37100219726562,0
2026-02-25 16:00:00+00:00,156.36099243164062,156.5399932861328,156.2310028076172,156.43899536132812,0
2026-02-25 20:00:00+00:00,156.43800354003906,156.48399353027344,156.10800170898438,156.1790008544922,0
2026-02-26 00:00:00+00:00,156.16600036621094,156.23300170898438,155.74400329589844,155.9409942626953,0
2026-02-26 04:00:00+00:00,155.93099975585938,156.17300415039062,155.69000244140625,156.04200744628906,0
2026-02-26 08:00:00+00:00,156.052001953125,156.1750030517578,155.90899658203125,156.07699584960938,0
2026-02-26 12:00:00+00:00,156.0709991455078,156.25100708007812,155.82200622558594,156.031005859375,0
2026-02-26 16:00:00+00:00,156.03599548339844,156.4320068359375,156.031005859375,156.125,0
2026-02-26 20:00:00+00:00,156.1300048828125,156.18699645996094,155.81700134277344,155.8769989013672,0
2026-02-27 00:00:00+00:00,155.8509979248047,155.98800659179688,155.6510009765625,155.7729949951172,0
2026-02-27 04:00:00+00:00,155.76499938964844,156.12399291992188,155.52699279785156,156.0780029296875,0
2026-02-27 08:00:00+00:00,156.0780029296875,156.23399353027344,155.8560028076172,155.89999389648438,0
2026-02-27 12:00:00+00:00,155.90899658203125,156.2259979248047,155.8249969482422,156.06100463867188,0
2026-02-27 16:00:00+00:00,156.07000732421875,156.14300537109375,155.87899780273438,156.02000427246094,0
2026-02-27 20:00:00+00:00,156.01100158691406,156.1929931640625,155.95399475097656,156.03500366210938,0
2026-03-02 00:00:00+00:00,156.6219940185547,156.80599975585938,156.1479949951172,156.31900024414062,0
2026-03-02 04:00:00+00:00,156.3159942626953,157.03799438476562,156.2760009765625,156.9810028076172,0
2026-03-02 08:00:00+00:00,156.9709930419922,157.25100708007812,156.7899932861328,156.95899963378906,0
2026-03-02 12:00:00+00:00,156.9530029296875,157.7530059814453,156.9499969482422,157.7270050048828,0
2026-03-02 16:00:00+00:00,157.7259979248047,157.7519989013672,157.11300659179688,157.15199279785156,0
2026-03-02 20:00:00+00:00,157.14500427246094,157.49400329589844,157.10800170898438,157.24600219726562,0
2026-03-03 00:00:00+00:00,157.26400756835938,157.59800720214844,157.16700744628906,157.27699279785156,0
2026-03-03 04:00:00+00:00,157.2729949951172,157.48599243164062,157.14100646972656,157.40899658203125,0
2026-03-03 08:00:00+00:00,157.406005859375,157.968994140625,157.2949981689453,157.6820068359375,0
2026-03-03 12:00:00+00:00,157.67100524902344,157.95399475097656,157.49099731445312,157.83799743652344,0
2026-03-03 16:00:00+00:00,157.83799743652344,157.9239959716797,157.46299743652344,157.66900634765625,0
2026-03-03 20:00:00+00:00,157.66700744628906,157.79299926757812,157.41000366210938,157.7899932861328,0
2026-03-04 00:00:00+00:00,157.76300048828125,157.86099243164062,157.35800170898438,157.40499877929688,0
2026-03-04 04:00:00+00:00,157.39500427246094,157.65499877929688,157.16700744628906,157.46400451660156,0
2026-03-04 08:00:00+00:00,157.46299743652344,157.53700256347656,156.84300231933594,157.2220001220703,0
2026-03-04 12:00:00+00:00,157.2169952392578,157.4149932861328,157.0290069580078,157.11099243164062,0
2026-03-04 16:00:00+00:00,157.1199951171875,157.16900634765625,156.875,157.0019989013672,0
2026-03-04 20:00:00+00:00,156.9980010986328,157.11599731445312,156.947998046875,156.9770050048828,0
2026-03-05 00:00:00+00:00,156.968994140625,157.08099365234375,156.44200134277344,156.98899841308594,0
2026-03-05 04:00:00+00:00,156.98300170898438,157.28799438476562,156.95199584960938,157.2519989013672,0
2026-03-05 08:00:00+00:00,157.2570037841797,157.375,156.88900756835938,157.3470001220703,0
2026-03-05 12:00:00+00:00,157.34500122070312,157.77999877929688,157.28199768066406,157.62600708007812,0
2026-03-05 16:00:00+00:00,157.61399841308594,157.8520050048828,157.5290069580078,157.82000732421875,0
2026-03-05 20:00:00+00:00,157.8090057373047,157.8520050048828,157.406005859375,157.5449981689453,0
2026-03-06 00:00:00+00:00,157.56300354003906,157.58900451660156,157.36900329589844,157.48300170898438,0
2026-03-06 04:00:00+00:00,157.48300170898438,157.89999389648438,157.48199462890625,157.52699279785156,0
2026-03-06 08:00:00+00:00,157.5330047607422,157.99099731445312,157.49400329589844,157.94900512695312,0
2026-03-06 12:00:00+00:00,157.94200134277344,158.08799743652344,157.3520050048828,157.58299255371094,0
2026-03-06 16:00:00+00:00,157.58299255371094,157.87600708007812,157.5030059814453,157.8679962158203,0
2026-03-06 20:00:00+00:00,157.86599731445312,157.96099853515625,157.75900268554688,157.78700256347656,0
2026-03-09 00:00:00+00:00,158.39999389648438,158.8979949951172,158.2989959716797,158.86000061035156,0
2026-03-09 04:00:00+00:00,158.85400390625,158.86900329589844,158.31500244140625,158.45199584960938,0
2026-03-09 08:00:00+00:00,158.45899963378906,158.68699645996094,158.1790008544922,158.46800231933594,0
2026-03-09 12:00:00+00:00,158.46299743652344,158.59800720214844,157.99000549316406,158.08099365234375,0
2026-03-09 16:00:00+00:00,158.08299255371094,158.4149932861328,157.63299560546875,157.8560028076172,0
2026-03-09 20:00:00+00:00,157.8560028076172,157.95399475097656,157.58399963378906,157.85800170898438,0
2026-03-10 00:00:00+00:00,157.8730010986328,157.947998046875,157.52200317382812,157.88800048828125,0
2026-03-10 04:00:00+00:00,157.8780059814453,157.92999267578125,157.26199340820312,157.2969970703125,0
2026-03-10 08:00:00+00:00,157.29800415039062,157.8939971923828,157.2899932861328,157.79400634765625,0
2026-03-10 12:00:00+00:00,157.7949981689453,157.9759979248047,157.54100036621094,157.5970001220703,0
2026-03-10 16:00:00+00:00,157.59500122070312,158.1320037841797,157.38999938964844,158.0279998779297,0
2026-03-10 20:00:00+00:00,158.031005859375,158.1840057373047,157.96600341796875,158.1320037841797,0
2026-03-11 00:00:00+00:00,158.0970001220703,158.39199829101562,157.90899658203125,158.19500732421875,0
2026-03-11 04:00:00+00:00,158.19400024414062,158.2740020751953,157.85000610351562,158.21600341796875,0
2026-03-11 08:00:00+00:00,158.2209930419922,158.5019989013672,158.18699645996094,158.49899291992188,0
2026-03-11 12:00:00+00:00,158.4980010986328,158.85299682617188,158.2899932861328,158.822998046875,0
2026-03-11 16:00:00+00:00,158.8300018310547,158.9770050048828,158.75999450683594,158.94000244140625,0
2026-03-11 20:00:00+00:00,158.9459991455078,159.13099670410156,158.76600646972656,159.07400512695312,0
2026-03-12 00:00:00+00:00,159.08399963378906,159.23500061035156,158.77499389648438,159.0189971923828,0
2026-03-12 04:00:00+00:00,159.0189971923828,159.15499877929688,158.77499389648438,158.79400634765625,0
2026-03-12 08:00:00+00:00,158.79299926757812,158.9409942626953,158.56199645996094,158.68800354003906,0
2026-03-12 12:00:00+00:00,158.68499755859375,159.28700256347656,158.67300415039062,159.20599365234375,0
2026-03-12 16:00:00+00:00,159.21099853515625,159.4290008544922,159.10400390625,159.36700439453125,0
2026-03-12 20:00:00+00:00,159.3730010986328,159.427001953125,159.16400146484375,159.21600341796875,0
2026-03-13 00:00:00+00:00,159.23300170898438,159.41600036621094,159.00100708007812,159.35299682617188,0
2026-03-13 04:00:00+00:00,159.3470001220703,159.6840057373047,159.3040008544922,159.43699645996094,0
2026-03-13 08:00:00+00:00,159.42999267578125,159.531005859375,159.23800659179688,159.28500366210938,0
2026-03-13 12:00:00+00:00,159.281005859375,159.5989990234375,159.0019989013672,159.53799438476562,0
2026-03-13 16:00:00+00:00,159.5399932861328,159.69200134277344,159.50399780273438,159.67599487304688,0
2026-03-13 20:00:00+00:00,159.67599487304688,159.74899291992188,159.64100646972656,159.72000122070312,0
2026-03-16 00:00:00+00:00,159.552001953125,159.63900756835938,159.24400329589844,159.49600219726562,0
2026-03-16 04:00:00+00:00,159.49200439453125,159.61900329589844,159.16600036621094,159.28700256347656,0
2026-03-16 08:00:00+00:00,159.2790069580078,159.38400268554688,159.09100341796875,159.11700439453125,0
2026-03-16 12:00:00+00:00,159.12600708007812,159.32699584960938,158.84300231933594,159.28700256347656,0
2026-03-16 16:00:00+00:00,159.28799438476562,159.35499572753906,158.90499877929688,159.14500427246094,0
2026-03-16 20:00:00+00:00,159.14500427246094,159.22000122070312,158.9709930419922,159.11700439453125,0
2026-03-17 00:00:00+00:00,159.12399291992188,159.45199584960938,159.11099243164062,159.34800720214844,0
2026-03-17 04:00:00+00:00,159.3470001220703,159.49600219726562,159.16299438476562,159.22799682617188,0
2026-03-17 08:00:00+00:00,159.23199462890625,159.23500061035156,158.9550018310547,159.1009979248047,0
2026-03-17 12:00:00+00:00,159.09800720214844,159.1529998779297,158.71499633789062,159.02999877929688,0
2026-03-17 16:00:00+00:00,159.02499389648438,159.11399841308594,158.8730010986328,159.04100036621094,0
2026-03-17 20:00:00+00:00,159.03399658203125,159.0570068359375,158.843994140625,158.90199279785156,0
2026-03-18 00:00:00+00:00,158.90899658203125,159.13800048828125,158.79299926757812,158.93099975585938,0
2026-03-18 04:00:00+00:00,158.92599487304688,158.93299865722656,158.56100463867188,158.75399780273438,0
2026-03-18 08:00:00+00:00,158.7550048828125,159.11199951171875,158.75100708007812,158.9739990234375,0
2026-03-18 12:00:00+00:00,158.97500610351562,159.58399963378906,158.9499969482422,159.48500061035156,0
2026-03-18 16:00:00+00:00,159.4770050048828,159.83700561523438,159.2429962158203,159.81399536132812,0
2026-03-18 20:00:00+00:00,159.822998046875,159.9010009765625,159.69000244140625,159.79800415039062,0
2026-03-19 00:00:00+00:00,159.8090057373047,159.8470001220703,159.5290069580078,159.61399841308594,0
2026-03-19 04:00:00+00:00,159.62399291992188,159.8040008544922,159.19000244140625,159.22300720214844,0
2026-03-19 08:00:00+00:00,159.23300170898438,159.38699340820312,159.0279998779297,159.05499267578125,0
2026-03-19 12:00:00+00:00,159.06100463867188,159.29200744628906,158.0570068359375,158.19200134277344,0
2026-03-19 16:00:00+00:00,158.1909942626953,158.22000122070312,157.49899291992188,157.6490020751953,0
2026-03-19 20:00:00+00:00,157.63699340820312,157.98899841308594,157.59100341796875,157.9239959716797,0
2026-03-20 00:00:00+00:00,157.9219970703125,158.4010009765625,157.73599243164062,158.38600158691406,0
2026-03-20 04:00:00+00:00,158.38299560546875,158.4510040283203,158.2740020751953,158.28700256347656,0
2026-03-20 08:00:00+00:00,158.29400634765625,158.8990020751953,158.2480010986328,158.57899475097656,0
2026-03-20 12:00:00+00:00,158.572998046875,159.26600646972656,158.51199340820312,159.25900268554688,0
2026-03-20 16:00:00+00:00,159.25599670410156,159.38600158691406,159.13400268554688,159.29400634765625,0
2026-03-20 20:00:00+00:00,159.29800415039062,159.33200073242188,159.18499755859375,159.22000122070312,0
2026-03-23 00:00:00+00:00,159.1490020751953,159.61700439453125,159.0030059814453,159.45399475097656,0
2026-03-23 04:00:00+00:00,159.4459991455078,159.65699768066406,159.33599853515625,159.58599853515625,0
2026-03-23 08:00:00+00:00,159.5800018310547,159.65199279785156,158.2259979248047,158.91900634765625,0
2026-03-23 12:00:00+00:00,158.9250030517578,159.03900146484375,158.19000244140625,158.7010040283203,0
2026-03-23 16:00:00+00:00,158.6929931640625,158.843994140625,158.01400756835938,158.41799926757812,0
2026-03-23 20:00:00+00:00,158.41400146484375,158.50799560546875,158.22900390625,158.48899841308594,0
2026-03-24 00:00:00+00:00,158.48500061035156,158.7429962158203,158.4250030517578,158.7310028076172,0
2026-03-24 04:00:00+00:00,158.72300720214844,158.79400634765625,158.3979949951172,158.49400329589844,0
2026-03-24 08:00:00+00:00,158.4929962158203,158.7969970703125,158.42300415039062,158.7689971923828,0
2026-03-24 12:00:00+00:00,158.76699829101562,158.95399475097656,158.5399932861328,158.8990020751953,0
2026-03-24 16:00:00+00:00,158.89700317382812,159.19000244140625,158.79100036621094,158.98699951171875,0
2026-03-24 20:00:00+00:00,158.9810028076172,159.03399658203125,158.35400390625,158.69900512695312,0
2026-03-25 00:00:00+00:00,158.6999969482422,158.8350067138672,158.56100463867188,158.7969970703125,0
2026-03-25 04:00:00+00:00,158.7969970703125,159.14700317382812,158.781005859375,159.13499450683594,0
2026-03-25 08:00:00+00:00,159.1300048828125,159.2010040283203,158.71499633789062,158.84800720214844,0
2026-03-25 12:00:00+00:00,158.84800720214844,159.24600219726562,158.7570037841797,159.2050018310547,0
2026-03-25 16:00:00+00:00,159.1999969482422,159.50100708007812,159.11599731445312,159.45199584960938,0
2026-03-25 20:00:00+00:00,159.4550018310547,159.49400329589844,159.32400512695312,159.38499450683594,0
2026-03-26 00:00:00+00:00,159.38499450683594,159.53700256347656,159.32000732421875,159.44900512695312,0
2026-03-26 04:00:00+00:00,159.4429931640625,159.5050048828125,159.27499389648438,159.49400329589844,0
2026-03-26 08:00:00+00:00,159.49200439453125,159.66900634765625,159.41700744628906,159.64999389648438,0
2026-03-26 12:00:00+00:00,159.65199279785156,159.69500732421875,159.42300415039062,159.6529998779297,0
2026-03-26 16:00:00+00:00,159.6540069580078,159.83200073242188,159.60899353027344,159.82400512695312,0
2026-03-26 20:00:00+00:00,159.8159942626953,159.84500122070312,159.32699584960938,159.71800231933594,0
2026-03-27 00:00:00+00:00,159.71800231933594,159.76400756835938,159.44200134277344,159.61300659179688,0
2026-03-27 04:00:00+00:00,159.60899353027344,159.9759979248047,159.5449981689453,159.94000244140625,0
2026-03-27 08:00:00+00:00,159.93899536132812,159.95199584960938,159.74400329589844,159.8509979248047,0
2026-03-27 12:00:00+00:00,159.8560028076172,160.1719970703125,159.69200134277344,160.16299438476562,0
2026-03-27 16:00:00+00:00,160.1649932861328,160.41400146484375,160.0590057373047,160.13999938964844,0
2026-03-27 20:00:00+00:00,160.14300537109375,160.3280029296875,160.0959930419922,160.26600646972656,0
2026-03-29 23:00:00+00:00,160.406005859375,160.44200134277344,159.7469940185547,159.8419952392578,0
2026-03-30 03:00:00+00:00,159.83999633789062,159.843994140625,159.60299682617188,159.7989959716797,0
2026-03-30 07:00:00+00:00,159.80099487304688,159.85699462890625,159.47799682617188,159.6060028076172,0
2026-03-30 11:00:00+00:00,159.59800720214844,159.6179962158203,159.31700134277344,159.5279998779297,0
2026-03-30 15:00:00+00:00,159.531005859375,159.63900756835938,159.3780059814453,159.61599731445312,0
2026-03-30 19:00:00+00:00,159.62399291992188,159.80599975585938,159.60400390625,159.78399658203125,0
2026-03-30 23:00:00+00:00,159.8000030517578,159.97000122070312,159.57899475097656,159.6020050048828,0
2026-03-31 03:00:00+00:00,159.59800720214844,159.74400329589844,159.4739990234375,159.7259979248047,0
2026-03-31 07:00:00+00:00,159.71800231933594,159.78700256347656,159.50100708007812,159.7270050048828,0
2026-03-31 11:00:00+00:00,159.7270050048828,159.76199340820312,159.0399932861328,159.08799743652344,0
2026-03-31 15:00:00+00:00,159.09800720214844,159.20399475097656,158.74099731445312,158.87399291992188,0
2026-03-31 19:00:00+00:00,158.8699951171875,158.99899291992188,158.63699340820312,158.71299743652344,0
2026-03-31 23:00:00+00:00,158.7239990234375,159.01300048828125,158.44000244140625,158.7169952392578,0
2026-04-01 03:00:00+00:00,158.71499633789062,158.93499755859375,158.28199768066406,158.3070068359375,0
2026-04-01 07:00:00+00:00,158.3000030517578,158.87100219726562,158.26600646972656,158.51100158691406,0
2026-04-01 11:00:00+00:00,158.50900268554688,158.7570037841797,158.28700256347656,158.4810028076172,0
2026-04-01 15:00:00+00:00,158.4810028076172,158.86199951171875,158.3990020751953,158.84800720214844,0
2026-04-01 19:00:00+00:00,158.8509979248047,158.94500732421875,158.55799865722656,158.60800170898438,0
2026-04-01 23:00:00+00:00,158.60400390625,159.4770050048828,158.5279998779297,159.4199981689453,0
2026-04-02 03:00:00+00:00,159.41200256347656,159.46499633789062,159.29400634765625,159.38400268554688,0
2026-04-02 07:00:00+00:00,159.38299560546875,159.7270050048828,159.36599731445312,159.68099975585938,0
2026-04-02 11:00:00+00:00,159.68299865722656,159.7429962158203,159.23300170898438,159.35899353027344,0
2026-04-02 15:00:00+00:00,159.36099243164062,159.7270050048828,159.22300720214844,159.625,0
2026-04-02 19:00:00+00:00,159.63299560546875,159.6790008544922,159.49099731445312,159.5330047607422,0
2026-04-02 23:00:00+00:00,159.5260009765625,159.71200561523438,159.41799926757812,159.6649932861328,0
2026-04-03 03:00:00+00:00,159.67100524902344,159.69400024414062,159.52999877929688,159.62600708007812,0
2026-04-03 07:00:00+00:00,159.62600708007812,159.63800048828125,159.53599548339844,159.5919952392578,0
2026-04-03 11:00:00+00:00,159.58299255371094,159.822998046875,159.4739990234375,159.58399963378906,0
2026-04-03 15:00:00+00:00,159.58399963378906,159.6649932861328,159.5489959716797,159.64700317382812,0
2026-04-03 19:00:00+00:00,159.6479949951172,159.6820068359375,159.48899841308594,159.6320037841797,0
